400
839.423423 8.775993
-688.070923 -438.063747
106.941611 -92.412669
-38.268768 49.986173
414.426089 -432.935627
331.069224 -338.601009
475.574220 613.300524
-732.726695 699.907719
251.544506 -997.861739
356.541757 29.118058
-701.788131 188.435561
42.571786 115.225174
-751.671218 -700.820829
471.104624 436.891766
-414.900882 294.093582
945.596134 479.283253
561.528635 -106.706288
-625.989353 -91.580980
-592.237913 -745.278987
241.926606 319.221317
-424.889728 -365.718377
951.277555 954.208112
487.690955 -67.349126
754.531841 -689.911590
-149.297253 -763.927281
598.223064 861.647209
-445.118843 888.851996
980.090403 495.158105
-580.894592 260.554898
78.596098 -579.596297
-433.803598 218.828226
40.916600 690.367356
901.909044 76.949379
-114.580099 490.195795
-303.051556 557.989582
788.187440 772.627452
-944.967984 -120.968529
-518.034345 848.043914
446.118369 -407.822052
744.036481 -248.799029
-406.157123 784.959000
866.971863 -813.696315
-622.057216 178.592141
-278.269874 -870.719767
203.508636 567.893940
-140.003859 913.479604
-881.641197 -326.530933
-377.120239 -100.449599
933.092063 -678.813999
9.163431 646.055242
937.643673 -783.761008
504.811487 105.248334
-441.576493 -972.907879
675.670343 -496.354452
789.717168 -597.069121
-79.947905 -152.106166
-184.660361 947.489490
-303.878440 956.510656
-745.566530 -798.844767
783.324582 -577.107815
-526.331605 -742.377934
226.353224 542.147649
-113.918965 -913.146944
221.986823 300.925397
-486.325963 189.576803
-649.662618 433.499243
-362.848590 -305.738452
-166.759646 328.198564
-65.314581 -313.137572
487.979419 -736.691809
-742.640251 345.038872
-504.701107 494.910173
509.146909 -771.722181
885.295615 -33.833724
782.055365 992.408498
-288.614786 79.906636
106.525659 -4.517112
-657.705895 12.410779
871.344150 -665.947162
402.752081 -438.196914
520.026473 911.109370
606.213196 6.748988
871.632236 184.923851
496.013589 -41.736049
-612.991327 -61.698550
-425.417146 999.058533
197.483037 -950.726469
270.549526 -792.947802
901.367869 437.655019
-511.503995 -706.231259
506.393372 847.662174
-147.373811 279.933121
562.516758 637.791686
-525.453922 -47.997781
-672.703494 -129.493261
985.897205 -41.501015
-271.299476 340.893191
-692.230829 905.230358
-976.330777 -161.022034
196.953673 -17.408246
-846.216688 995.552506
473.121019 179.451872
-546.891839 -235.892659
-158.389602 909.323514
9.765741 709.248844
-744.322177 -536.622155
112.092074 -648.491969
-198.739777 685.979846
-582.629509 -678.383064
71.225439 -24.660519
249.135203 -90.069625
-219.265775 395.530116
960.318114 460.204893
-317.739520 -804.712820
117.045061 -179.209290
-821.735672 525.252809
890.260562 935.680053
-416.213163 -932.913759
152.466216 761.626244
-965.784575 25.224092
692.390321 -620.474841
563.970042 668.680071
-288.324063 174.625397
233.861109 45.891709
-214.755937 669.458143
776.227530 811.811244
-971.180454 285.047731
420.021276 -739.652556
-395.337480 460.757956
452.548432 309.211603
-942.943822 121.235332
-259.895371 185.854283
-823.755641 419.981192
600.605789 774.935834
-511.801769 -135.190411
-820.873932 197.912746
-808.936251 -544.766220
-2.297103 712.314978
-336.612702 444.149583
275.348584 432.415680
-48.169904 -403.622861
-167.374419 -784.709908
584.360971 -304.116691
308.208196 -853.670231
749.996120 416.747214
933.823057 506.066976
-502.383817 732.449064
-582.256134 109.673594
-205.118660 745.702403
-359.278795 -854.661840
-970.880673 -364.437847
-102.947006 -770.878873
833.706175 -489.449231
-661.716584 -778.352013
620.775873 415.169291
-100.464368 -938.843189
-524.372798 692.139031
322.840968 471.334832
648.903156 -465.910723
661.273373 548.380844
148.533981 580.255714
352.059469 466.465552
-157.264622 646.582170
290.987392 -290.977634
279.189719 931.083194
-944.512472 -739.064106
578.691513 49.005638
-771.419907 363.654585
471.714182 -811.494881
916.681789 647.505789
354.652140 191.213346
-584.058648 296.300654
-96.702184 476.239024
-375.279488 -591.644630
-676.597309 -327.798024
757.982695 312.502000
60.365072 -535.204221
239.914865 23.062859
710.904146 -944.816541
-99.907590 -144.788711
-101.157074 646.218433
559.400264 -934.831262
552.607757 789.451853
279.826707 -931.172067
25.977661 -854.275297
19.670364 597.642359
-87.437641 -321.147362
-254.099846 383.199772
907.175331 584.800845
-356.178282 -338.161237
-566.088623 -795.435957
237.139692 103.692799
24.404629 79.622592
201.062924 -554.154769
668.143600 -189.798854
531.555415 -213.689137
695.409707 747.794216
317.688440 -343.099433
-398.014913 -183.890149
432.991868 12.383179
185.407053 -51.221064
-538.120201 474.540973
-562.033632 -707.855543
-439.249749 240.780027
519.535408 427.648213
-711.899805 794.320670
-622.128370 381.073174
-580.179172 -28.438388
-359.758073 44.669963
17.828255 909.512037
-36.672324 -634.332652
161.994667 73.974575
618.411049 792.524901
-341.732972 -391.992908
-948.498690 568.600578
-78.420108 -404.946471
160.041656 731.031483
559.689483 601.840496
-720.841865 -902.586910
-181.777452 -169.937814
542.202702 -763.631434
-945.194785 270.143963
986.643145 387.102828
219.995923 629.497606
-126.959791 393.477454
959.056912 -163.728286
-724.999418 -907.407566
371.857148 321.928183
610.968975 451.224051
418.283976 -961.504485
533.033940 793.347081
567.040708 230.120064
-888.594410 -3.353270
-331.061912 823.128767
-606.388320 -842.531952
719.803907 -817.642622
979.364356 283.524043
-455.310720 250.868583
735.328026 -971.587686
804.172475 -186.225817
-836.743321 7.120818
-401.435409 -22.474421
101.169849 686.209328
-481.062603 -876.933659
-474.748621 710.767243
-957.021264 -558.517604
21.511818 -997.071260
598.761909 -501.242301
852.376586 -391.686268
641.890916 962.076820
-236.778044 913.556802
667.488035 -868.741383
-307.788915 -835.667407
-974.007652 641.013458
802.426956 -742.516753
-847.453001 -78.386818
-594.381481 858.439979
-107.527612 -512.724529
472.352212 -990.652747
-145.330041 226.498664
-283.546543 -851.079942
-741.734141 -701.218240
-446.138976 460.376181
571.815488 -840.042004
460.710993 678.393155
490.570988 462.813866
327.120578 -378.173812
-338.975612 -838.331486
313.611499 -492.890810
-214.401316 207.820959
-288.382199 -732.832395
-242.778131 956.759248
-688.753071 719.667755
874.292876 552.769889
271.410177 -427.760302
-93.589600 -643.869778
146.145491 -106.147227
628.681300 -770.388887
-879.924070 518.287761
172.233192 -29.742863
-715.736198 78.497578
-321.150954 -560.999189
-184.016803 -788.000097
-699.386598 -921.113354
-739.155605 851.949039
172.321032 811.395271
-954.333928 -250.687072
-643.178949 -635.868141
-955.648256 -62.571727
-101.074398 233.311352
506.455008 76.727389
-395.915351 -165.982735
-399.915494 110.780014
953.615044 272.466362
70.700341 -870.449734
573.094719 -989.906211
126.591031 -363.464428
170.485704 348.897205
-939.250486 84.613172
-347.424216 579.407443
546.503308 -456.684623
-713.480139 630.362397
-338.052415 465.777842
-820.862300 900.094660
-780.870372 458.230492
550.468764 181.087918
-483.398597 630.767314
318.297554 722.778500
-602.836215 190.027598
367.641262 -606.151724
623.831346 555.702584
-4.158106 -611.037267
-784.294744 -403.010650
-931.347510 -312.062541
43.739388 -135.462632
220.306038 661.578187
57.112786 113.510398
-95.552266 364.717318
289.895691 340.020678
-956.618763 -164.146951
-606.088529 -406.465848
208.809038 869.117108
-840.999147 174.898937
289.064759 -867.263070
-616.851576 -800.244932
-688.665710 186.322358
-494.705972 13.427577
64.629388 -331.496414
543.058515 262.980993
-450.717739 -967.760485
-757.378779 175.956493
771.892034 907.871192
474.606195 733.533529
486.704240 -389.457940
254.942298 670.577886
-161.177497 290.098142
683.667593 831.136706
-145.993998 168.051207
-120.707106 -661.323968
960.735052 524.859315
663.047854 -299.119247
531.898847 -415.382203
-985.436212 971.272878
774.519632 740.946407
-277.396320 -256.424927
933.425196 -243.472538
-53.732641 381.054005
-356.570947 907.330780
471.016197 -202.676674
291.234246 921.394927
-381.106580 950.530686
698.790906 -392.788731
460.237052 994.176503
-819.535515 -323.623070
674.043358 940.148846
-732.280941 929.764992
-215.295304 78.442953
-340.536130 -511.470138
363.005053 -400.459761
874.932135 300.514415
-936.751537 -351.812345
-254.099072 925.355335
-220.432725 -200.709774
-805.404453 -490.409716
-640.701705 381.796076
499.709655 915.815829
-348.029443 608.231207
623.306952 -2.362599
337.411549 -293.949530
-854.110368 783.849998
472.041077 -830.712633
-446.464460 -903.110116
-913.234272 989.646416
592.650716 876.880040
538.527133 -467.709073
811.827505 362.946671
-5.547558 -365.708552
-367.860187 336.899188
931.586626 -990.949319
934.560262 920.469809
-528.639434 -899.751389
-508.793602 958.601830
-521.266477 88.149348
142.102087 -26.475191
-731.609932 -834.008312
-558.458678 417.193492
199.251033 555.309916
-992.832429 650.356516
639.646513 -482.786071
-991.133686 851.523680
-930.608898 -330.611080
-633.462518 0.133310
649.544780 -378.170246
628.001718 414.691286
836.962928 597.783496
312.729160 288.656493
76.681912 167.714848
838.013617 -575.812199
108.828424 -745.288736
109.463994 749.826353
