250
216.784603 129.662736
-315.525388 353.911559
21.533856 68.730466
-160.594354 -219.920414
450.476315 127.145576
960.701379 -547.745957
846.817022 -691.263156
-184.255645 -360.471342
-77.474514 387.743945
479.524825 275.543054
-21.826764 201.774622
-603.611866 668.870275
-67.306710 743.663037
-895.083751 -585.428990
-738.428652 729.051012
-62.285242 929.776678
-557.114801 -407.973945
-33.551715 682.472925
-420.706033 -97.193650
238.262078 -291.338759
-384.352478 76.697096
-68.198693 -182.777619
-716.757363 -953.459304
-554.645119 927.600385
236.889603 510.716285
524.807057 194.825243
467.232657 -971.525156
-942.676493 907.964992
-78.204601 899.080674
521.697761 966.175277
827.217243 105.447169
-336.269235 -428.116720
-384.226215 510.147891
-994.945251 -788.331235
-9.075093 -832.799847
-414.627561 659.459827
-204.411809 -415.658346
-215.392289 -761.860390
-648.542405 -232.490104
263.195227 -181.191361
-252.019133 891.856614
149.413819 -158.828312
880.360296 -131.611196
820.205519 -0.841923
-772.623413 972.166958
228.753823 274.468366
-865.758243 -442.257613
-856.622890 94.796826
-433.465809 -377.650603
379.851232 733.711893
697.355809 -246.622681
58.569673 -299.727793
20.282456 315.466468
437.832039 -39.822524
-136.235167 408.504265
-975.282526 -946.529255
-801.841806 199.519820
-439.656124 -750.785514
-184.592567 -314.469964
633.191054 -289.802837
-929.132339 -329.291938
585.557381 561.402422
-181.041139 619.257333
-260.689962 -44.250336
-586.522993 406.372992
-755.607192 -791.743288
-800.376936 844.900440
481.603938 -745.697865
360.447504 -592.134179
-719.265962 615.563005
-46.697827 976.292824
564.397390 827.983180
827.823078 764.394014
-65.703587 294.750452
-103.299210 572.456754
-949.947942 -161.038669
62.507294 226.897785
-751.139879 4.357660
881.471491 -339.654964
24.865457 -519.702433
836.011391 559.492750
751.369014 879.296900
359.519438 467.170661
-949.221302 564.300189
-641.777636 654.776058
60.018938 -184.578524
420.376533 -146.865337
16.263267 -376.357671
330.775802 -134.620688
429.904656 674.861130
156.649018 -589.451836
457.682274 -662.554594
-534.161487 -154.869043
-455.911354 -704.960426
259.496889 -885.626872
-244.078596 190.032748
803.791200 2.318352
-687.529986 237.630812
-336.699794 -738.505509
-92.042435 696.812034
-883.120065 97.355395
-783.092856 30.847948
716.630496 142.574058
301.463045 -201.500798
-161.319111 290.092715
978.129143 -375.496332
-977.649252 567.320606
-124.883354 193.571914
-459.773512 698.576506
94.830612 -865.504652
-603.989748 -559.513131
713.840105 -993.771017
429.059989 620.006402
-472.239652 -382.932021
-583.782959 -77.672297
-25.106527 -885.809393
848.480755 -580.514729
792.058616 -791.112322
-372.871474 667.185748
206.469226 572.694866
617.939910 816.186568
534.742996 172.080454
-893.198008 641.825773
-613.746587 -306.132538
553.638848 -475.870661
-221.120556 352.777173
402.808249 179.247562
-587.310240 -821.832186
-458.685867 285.618119
-552.828914 404.288236
-914.686882 -333.474528
-856.201819 226.127571
-500.031285 453.226785
-5.568806 -656.315254
647.372117 827.563716
-770.271166 54.566058
-649.288901 -505.974989
-57.837068 815.111698
28.912502 -14.060594
-349.186363 -125.818195
50.509418 58.183390
-637.370228 370.910691
-15.033225 -189.170722
569.947799 406.161976
750.954690 325.104438
586.039876 -576.130691
398.034869 186.426994
-572.722226 -296.769901
-214.193036 244.757894
393.259978 520.159001
-899.644621 728.987617
311.298587 -84.805940
-975.700203 -330.510345
642.034874 -888.621303
484.990608 782.261084
658.598108 29.791872
457.282574 -883.986845
911.021313 917.744433
192.542613 -480.776378
386.441866 -285.877516
966.109655 -841.216256
133.658342 908.694743
-338.955699 -646.017000
442.946265 -77.874545
123.647231 -947.879040
800.947543 635.411616
-316.022268 379.240874
240.035718 956.163624
-519.368153 272.690095
657.413632 -919.861712
-258.446728 221.101642
-254.581587 -875.467579
-557.194181 348.793360
-431.256348 -992.544562
-636.501191 -50.621495
-85.979214 -335.294525
794.183356 988.948752
-152.127241 -785.137506
42.484643 -616.909086
-777.739921 -236.480265
887.817849 -313.113369
-969.003107 -199.945589
-240.425162 -861.828473
-754.499469 -863.648823
475.926266 -878.193826
572.290604 -476.240893
200.291730 242.497168
-837.630789 162.109829
910.966970 626.352694
-446.727171 722.597316
733.191447 -497.707418
258.230568 -495.216637
509.681207 -612.259805
-516.416013 -213.795053
-480.706373 548.697602
208.142642 546.842961
504.725787 -177.772757
-712.752624 -235.700566
-777.439663 412.464020
378.922131 338.621237
594.452119 681.143294
-200.133294 859.767531
-799.298915 -698.944513
-456.136115 756.130565
232.331657 270.211038
-225.880779 -40.096242
-133.069442 881.315348
-807.118418 419.264686
457.092425 -890.901291
855.587991 216.825775
-396.818522 92.885749
738.624645 178.204125
632.606284 -290.857377
-811.699343 708.343753
-280.735177 -632.592583
279.540592 98.294542
-442.933638 167.104408
-874.045409 668.125866
-781.845317 636.959411
-470.941786 -522.175365
289.477193 -698.935596
-912.670201 -167.401547
332.172663 -368.373082
18.801400 651.781177
191.056790 -588.572735
-118.562503 881.130560
324.707519 -311.659935
-687.525789 266.970186
-134.036673 -518.151824
745.716807 -739.199387
-615.163402 -822.405079
-382.462189 -442.210001
-765.183757 -266.396369
-915.740248 -905.467690
-11.793806 759.240116
551.821367 580.056240
92.712667 -849.615885
730.957228 724.452754
782.764926 -618.464214
201.164253 -954.227528
271.233768 357.821205
-344.494346 -580.990627
-616.576018 -765.523685
-702.779158 -840.206727
319.246783 415.141752
834.445928 -329.595383
-629.091933 591.888378
614.967403 -677.098713
-160.479243 667.453495
-650.237465 364.680721
