800
411.493754 38.519075
393.222924 987.174904
363.854275 285.148138
-557.502892 408.194845
-104.201608 -240.690577
-262.701421 123.658967
-601.398497 292.670713
-982.700598 654.965255
-149.612151 178.590347
-105.553913 -388.519732
-365.055422 -592.951470
-781.291043 -484.294590
702.492921 -122.160071
451.187336 -55.985257
76.275644 327.229643
153.847757 -887.345184
-764.121583 188.731203
56.820228 655.975843
-831.909719 -31.622897
21.880903 311.966541
406.547915 -771.843328
-139.865952 -312.401726
757.793730 -855.059310
548.462761 -582.071137
895.231960 987.819292
912.472513 -119.996880
-238.203523 -151.196082
761.677685 877.002687
811.929183 -905.276629
743.866783 617.148478
358.359430 -153.734144
286.918425 362.688034
146.592004 -599.555554
85.665104 839.608747
763.933606 789.108938
-847.558653 578.841738
571.789564 237.336403
-652.434463 -181.699875
684.256248 235.228674
552.740683 -898.907041
-545.256267 661.477273
-0.440233 21.577276
55.875553 935.666061
-326.862032 32.770121
-742.296800 782.681195
-367.982490 449.240566
-764.920744 -112.547561
968.780802 -615.189019
483.145438 -225.871864
836.704447 -60.821698
-552.208691 866.451100
319.709266 298.390426
-234.116731 -523.341803
-824.950537 -700.442631
445.922556 49.996886
333.574293 160.026475
-669.824600 -6.439424
904.514658 -550.491749
636.570297 346.370472
976.057916 -162.700178
-747.998020 -990.693505
16.981411 -122.185937
963.420305 797.472643
405.226613 263.462818
-923.484852 160.715477
-988.084300 -507.628811
193.267125 -908.277164
651.247899 618.630762
-427.156543 -822.518354
-188.559268 -18.426390
-938.560145 -502.183649
906.039481 -824.764312
-108.922656 999.054158
-456.544349 443.627107
94.105978 158.067200
-224.900815 497.083972
836.044121 642.173397
399.696093 -240.798092
996.294378 100.394066
-917.288780 127.165583
734.296692 -276.402096
-536.153926 -465.113334
-714.478891 83.094340
-260.077193 -670.135835
-368.539058 647.355836
526.465526 435.250731
-829.536847 966.952850
-644.807178 721.228393
-665.533438 778.606025
952.831403 863.670302
837.930151 473.665576
-706.456527 116.795976
-546.279881 127.585971
-368.450784 -137.085035
137.419003 905.852448
-607.113086 509.454558
-520.209615 570.367407
389.729896 -744.697752
-233.656631 323.524411
984.379143 856.990635
-726.898740 -707.858606
-701.445823 612.171785
-361.416061 445.909607
268.044517 -463.273369
636.959692 967.775286
234.589933 -237.273054
-840.045401 866.074574
488.807465 343.813602
-858.819877 -878.116275
-316.573259 429.079348
559.627871 -798.142454
-812.997899 847.803304
901.455079 -607.989433
-58.531563 753.474709
-165.726631 147.331715
-763.100863 342.746017
-922.057527 -739.151007
750.990014 806.372000
-713.430652 -40.019511
819.422401 80.810359
39.749415 981.458782
-255.067648 -103.620754
302.223232 430.453146
328.275928 -481.314635
-285.240675 -183.701922
-632.165155 -48.749854
-456.131756 -639.710538
-230.299287 -261.305244
410.794073 -806.500989
370.493765 -673.399626
498.230741 495.386475
515.712060 -368.079332
-57.668314 -749.841711
-676.302874 -576.241032
391.249519 -658.584635
175.461675 -249.810640
688.600208 814.033960
420.288026 84.821162
-426.211992 -107.726797
689.717888 478.237490
-146.730015 813.282304
-453.706623 -827.752615
-68.787510 -867.911636
901.622290 -652.794871
921.831068 397.417781
-568.132574 -866.398210
-877.435162 840.520982
-906.540329 435.376698
290.923687 -681.954151
-532.836802 -931.691464
954.163924 319.348999
-336.380618 -123.346493
539.161335 -740.152799
-778.061114 900.694950
530.553508 -208.816690
953.665117 2.286302
-140.065552 338.532602
681.862532 -757.445924
505.046607 -909.378255
559.050499 -932.419177
-482.627830 -588.181202
656.060204 410.718680
-122.630383 -86.819155
593.409598 -400.698178
-818.547368 202.493353
-561.150412 411.908862
838.862522 -848.389864
316.101149 -608.441267
-372.295113 -62.267539
-262.725565 -192.308043
523.973237 -412.882612
-601.826448 -718.959789
900.655322 -369.059457
680.057392 588.815820
-253.187388 -835.712988
-142.104474 -638.450340
-210.212045 244.055934
5.237616 -471.323069
-816.628145 569.306838
82.111225 591.956691
-647.568805 505.252767
-379.803368 767.624567
264.655143 551.256081
291.405681 -469.531653
-602.367174 300.182455
9.106871 -315.666912
306.190764 114.723899
648.818292 -570.368158
170.173611 212.363758
-925.692839 -855.615460
-405.246784 825.149838
-756.772812 -297.855481
391.791835 803.125968
991.681315 560.254376
719.447468 940.802964
154.088641 -156.998095
734.245004 638.757138
823.353800 826.349813
214.281397 -889.203167
-598.247772 -204.278167
912.312707 928.701098
-515.049905 -549.759053
-523.560374 834.656456
49.925290 449.401447
-812.388443 -273.823072
872.526357 -53.032969
-226.566386 -254.866549
-11.205237 -211.311173
858.490503 504.094988
227.399743 -888.246024
-285.985552 609.103073
-727.106579 -927.682640
291.533114 869.676515
-929.867252 -685.072567
30.026777 634.668697
648.160220 109.419517
-674.668100 974.272836
158.766149 177.859011
-661.811252 -779.638891
-860.104637 542.437154
939.297380 -441.874340
-193.974895 -793.912845
-431.793836 -289.208702
-625.929217 430.890097
838.600848 592.604143
277.040684 -725.402534
829.301262 340.134393
-759.399214 -146.011865
-152.060385 77.236744
-987.499121 696.705752
202.163221 -343.444995
-431.919265 165.743509
495.396697 -15.300197
-279.929493 767.480365
208.494254 883.426138
-803.383913 -108.522576
-746.464495 -510.226068
-829.968557 198.970404
-559.681573 728.285299
898.386788 837.225614
404.863174 -161.248702
979.543017 -829.160823
738.702142 -996.981226
40.229606 825.872283
881.449523 -647.949271
-989.011244 949.318880
627.070315 -118.679911
804.855119 960.249110
765.493243 -882.179952
396.535371 873.661468
377.730541 -460.410778
142.848646 328.681805
907.149181 563.781225
-860.000957 -909.472755
897.242396 152.903869
-167.383212 343.119690
-729.361078 -982.727675
953.304874 85.504911
869.051281 -882.818815
-727.454102 481.661847
186.153252 531.000785
-72.835189 -188.736118
-687.514191 -287.768028
927.975560 -509.921219
866.935247 -899.032791
-431.638404 -448.742099
-41.541037 240.958070
692.536791 -244.245650
994.669262 -586.685094
289.944352 905.902426
125.469439 679.442679
522.712019 -447.232836
799.206057 323.762546
-890.826622 955.943878
189.158925 -536.063016
-72.485588 445.764981
-406.998793 271.082774
-538.783631 994.333757
242.392304 -481.711256
-258.057195 462.175850
-289.068361 -404.518012
-122.671962 329.692930
-645.328696 762.813624
54.104595 -647.126995
120.818029 -381.455580
505.086270 -253.103651
-682.633595 -605.649300
942.543151 -651.267961
530.347671 541.582087
918.198651 827.771274
-449.128907 9.546513
-535.787892 452.651812
342.681298 330.967113
-196.807057 -700.434783
-722.330642 -937.034378
245.417761 -79.468189
260.177924 384.699856
-907.901949 -98.146797
-558.881589 369.669990
46.828607 -244.487801
-977.808676 189.369819
922.024673 347.497500
580.530067 -230.261599
646.973383 945.357232
-865.809912 440.840258
260.490696 681.186062
-511.149018 -954.910376
864.977194 -977.383006
-322.648866 -411.262511
-96.288506 -11.746286
-187.935281 -385.302290
845.888390 -8.924874
-898.039863 167.959181
358.138849 187.020123
345.431864 -780.914699
463.611779 916.952052
508.645234 239.047113
613.677894 284.233673
-152.256640 934.366900
-269.748714 719.528408
-312.038997 -803.562669
436.479496 343.122934
154.805647 11.985784
-631.827086 816.730910
159.784703 -440.434578
865.817956 -503.730355
-268.284350 956.595862
-865.667429 -222.976450
674.776952 -251.514262
-929.516368 430.250083
-59.212892 -382.522915
-252.889893 -896.518632
-788.129616 -373.078559
-324.840544 -182.273575
-652.010970 -451.053867
-847.505364 797.698361
-660.078026 -872.585134
-462.296393 343.864269
-385.513422 -300.947042
263.606973 879.268491
741.581303 253.644689
537.763960 -639.910456
238.173425 -707.867231
82.786968 -889.582738
559.417710 -335.462800
-790.469577 71.979003
959.920936 98.072685
293.895718 -548.423429
-437.869231 -275.459541
-823.733055 -790.766173
-301.831769 -813.046397
-860.974066 -910.054113
383.214485 408.490613
87.043698 -791.638522
-294.905650 -308.562385
-336.183396 -720.314581
759.533430 146.792073
-325.546562 386.665816
-163.110462 -78.351819
-231.973202 -950.391492
188.891508 832.358551
-2.969282 -698.818552
-152.167981 -776.363616
76.274075 -822.239014
173.000816 -76.980754
-889.282755 -833.947127
270.062937 597.678404
833.921322 699.830071
463.498048 -420.594016
940.392756 881.908803
-690.198914 -481.091567
619.384102 -941.542037
115.832752 161.579718
-615.043957 206.821369
-257.954884 -298.520805
-276.597756 -218.030408
-395.418998 700.080691
737.558784 -883.180975
-432.249743 -661.930873
203.907178 937.759657
-194.132597 -297.854147
789.296387 162.132418
-914.565205 -161.319890
-827.324571 -552.528963
-330.754750 -980.310264
-303.407076 210.840411
-314.289805 -866.281839
-578.555677 626.924947
-230.684964 -866.795430
-956.753434 -747.936371
782.811807 188.562211
-554.404570 -429.542094
-424.616149 -790.794913
-523.296296 671.520226
987.221889 688.341055
836.122299 -181.452542
94.398953 -718.472383
-154.458522 -981.263208
5.953566 -617.594342
-394.675382 -381.644511
35.489591 -100.146836
348.498110 5.832794
-943.933229 -752.928825
90.461343 -673.560222
-927.288956 926.400526
-909.683648 851.474436
-245.258018 -139.538581
75.353670 374.372084
727.550187 584.486863
732.006404 692.472242
519.656542 763.724490
742.240510 -469.117943
-652.914110 333.920822
741.320981 505.470484
-644.416215 -984.563347
-417.252757 -360.578167
842.999583 -497.553375
41.182249 861.244647
631.012059 -496.803369
875.069308 -522.921959
-620.115855 -147.855871
161.017639 -823.346270
-370.870857 684.915774
-846.002063 252.164419
690.071256 -467.576938
-998.406980 196.012424
-435.236176 638.925407
-574.837463 -523.486942
716.670779 -877.715263
-999.968804 -865.029378
10.586996 -824.061541
-620.816355 -620.127321
486.931024 -520.531001
-116.233754 974.339769
524.417954 752.034991
990.605628 1.660805
725.588680 787.253659
-650.645537 531.832043
-428.981069 31.048115
773.400241 447.933028
-466.769154 -59.688674
-941.191002 -982.943708
-802.755649 758.715897
556.344028 455.973646
-251.291052 -898.791829
-894.070238 586.399842
-475.414135 -45.233104
-89.436585 920.862285
188.556704 -816.776406
-695.401117 878.755289
270.501409 61.345649
151.522453 -279.539224
370.461346 203.175252
136.049574 -13.774168
-492.484498 -281.368922
196.437425 -392.557361
677.308556 -211.176083
850.042470 -110.556494
542.753235 -307.665935
640.504306 803.338729
-223.277434 847.437893
619.316100 987.824689
154.231771 32.343645
-347.194190 -672.879427
-720.749343 -115.858652
-360.262603 788.527986
-31.120020 950.799643
-862.604962 929.997496
236.158821 -468.233670
-566.332813 211.935678
841.493441 -671.507621
-817.682711 111.039205
958.967130 898.899749
184.842402 249.782587
509.826615 192.313923
-47.989764 639.283743
95.907966 147.768056
-992.406675 98.689030
293.097693 27.543155
-417.830403 425.423623
25.575757 918.010850
493.263784 621.086193
440.756212 744.279425
130.703506 -159.165149
-173.182755 -169.616567
-190.901262 230.031642
-382.925705 470.777251
-215.265076 -60.465811
-804.310124 -938.109331
-15.146057 -982.702513
97.653187 -19.475188
995.105444 546.332144
-459.418703 -677.132706
399.732739 -923.480578
-764.103701 -210.138995
996.950179 738.144002
292.485265 882.462142
552.599762 948.614544
-614.227555 -453.258466
242.417883 -693.999804
341.224313 -634.299284
-53.256523 893.354773
968.058728 481.144743
-109.154973 513.134253
807.118225 787.481770
901.366323 666.921949
-47.176259 678.390955
-595.378040 -871.692669
-363.928662 -935.590701
-894.553455 -644.902955
538.514425 -571.675947
-697.353097 -448.484774
-365.200644 -106.913365
-521.521885 990.618844
-480.784895 114.086714
555.962500 902.669414
1.606825 88.028156
250.181867 -805.743884
-755.505207 -603.276033
-491.659561 644.793775
-496.352953 568.792593
-104.822800 906.995919
-459.761502 -58.163435
43.902638 593.067620
-854.846458 525.883426
-470.275277 -805.262977
-510.173542 -599.858235
419.579262 -889.128444
283.381034 808.891894
-850.898733 279.643751
900.272390 -425.793224
9.231154 -765.524736
-267.661757 -853.912207
-256.104406 -845.293103
119.757167 -210.504496
-521.736044 85.042011
415.071187 462.650018
-323.485467 -658.102727
526.012476 -506.770420
776.174792 -804.009099
-602.401057 -447.934069
-579.068962 -457.764649
-320.772876 -976.319098
182.719252 -853.086569
318.778693 470.541730
582.815216 223.159351
-735.435603 -849.854915
100.891874 649.127641
-177.316946 402.153651
334.039053 -879.306612
267.751422 -860.392671
528.345420 518.080387
469.351002 589.530613
787.380034 -23.550091
382.204877 573.203026
767.303743 652.126973
-893.865283 -409.068947
-936.205522 -969.435693
-5.830651 -826.024030
-874.592576 20.163832
-931.116850 784.899040
906.694297 873.640311
-416.869151 552.536745
-305.870616 -710.602716
980.697687 -496.873448
-18.996551 439.197848
405.158977 598.894529
-608.592170 185.811881
-933.702946 -355.015413
-799.346171 717.562915
-46.742834 -182.740106
-216.757195 -749.255783
214.643066 742.113849
-112.192085 -170.439302
535.492033 63.379047
774.954587 447.147492
-887.110478 -328.860565
39.299646 -483.341430
347.503759 -658.321134
642.533878 271.666641
216.170459 482.070771
686.386823 19.965817
-303.671534 -64.067558
-467.122147 808.372581
499.740550 -575.541949
64.601596 -505.912361
-175.490015 -269.227042
778.086189 877.258019
865.337072 -609.758696
988.063529 445.749741
368.050450 360.560370
-541.463181 -470.546315
-513.144031 -924.224496
-541.271166 685.333039
683.161155 -328.610234
-138.531220 814.522855
472.834132 350.962170
-712.939078 883.754474
-83.798128 -195.095128
930.546660 -190.306032
-704.393211 295.133303
637.040627 937.012711
-319.284868 461.754712
-795.218689 -123.476486
41.051235 -656.984621
-637.473190 621.750292
649.604884 -989.067914
445.830543 301.578063
953.915985 470.578683
514.180802 -717.568817
215.547356 508.670002
-263.680270 969.598115
-123.124267 -563.993210
551.636124 190.485549
53.134053 -712.945025
-272.703967 504.845821
-206.282174 -540.022806
-692.098349 230.518140
971.371806 -964.366592
-125.516959 -66.356588
602.818464 -847.899730
-567.603729 -101.678685
147.771187 343.154491
-437.303867 -908.656908
8.614200 -22.790323
155.942461 435.092931
-949.604510 658.928646
-484.366661 -33.081360
659.223036 200.797108
211.327759 269.760755
-715.502678 -282.434915
-638.783803 -776.366754
938.004107 -85.841237
863.428114 -463.128202
395.281915 291.056503
955.622296 502.220184
753.466613 109.040727
-796.099536 349.949278
143.708471 -235.961984
-632.917605 814.316390
88.355605 46.767694
-358.634577 -941.625043
802.239858 373.052572
-585.455157 400.881399
-587.793001 -81.780540
636.884670 238.282385
288.736478 -167.165348
-826.376624 393.137529
694.902009 842.504044
-577.944168 964.745385
189.101580 283.519568
-216.645479 -479.574066
457.001208 685.421109
-71.375228 930.030015
825.294913 -573.051611
-161.348388 255.760068
576.857898 705.998548
966.563358 -377.237266
750.337486 -693.740394
-977.041111 -388.557334
-157.887216 376.492667
434.120582 522.337136
-179.680583 525.205316
-298.839261 611.402448
60.733388 -942.926338
-706.156410 -711.830417
-804.852565 -992.940687
-499.039945 85.947748
107.999113 553.325526
176.799975 975.857732
279.615366 975.425382
-735.994182 -292.553819
-938.715606 649.966133
325.077166 -54.319473
753.550818 244.798762
628.383544 -725.917557
421.313226 -328.740661
941.157531 -629.349230
-512.846429 304.437841
26.654780 749.955927
-487.548315 934.743925
775.092751 216.124867
726.252104 -329.203421
-660.269381 906.059385
835.478752 -169.790431
593.241909 566.131320
648.623732 223.505295
-115.747663 -380.935135
-822.223080 699.645328
194.207570 -106.087044
-736.782899 -356.121086
-931.412285 747.211984
821.814645 -316.214474
-881.883338 -858.560988
-306.176450 -680.489925
707.124178 800.524779
786.464398 -871.216838
-37.769884 -913.474630
-120.182160 116.775227
-170.233570 694.964102
-33.047072 -439.827695
-596.168559 -618.120436
-449.492263 744.553649
18.530202 114.778515
-598.940759 -969.729863
-509.896877 -280.792178
941.095825 -181.285730
-852.360990 250.809039
-262.822666 933.656531
741.331722 985.352247
240.849579 284.893020
-728.839233 784.273710
549.635176 -134.194500
-957.746816 719.882255
514.889211 -953.918501
-246.738687 -178.860111
-990.327979 -496.732937
621.804107 -446.311004
-486.936895 -233.433084
-814.851300 -788.470321
-121.072979 793.440919
664.983292 -444.066503
199.288130 103.989921
722.450089 -59.092694
-108.069013 425.102205
-483.216136 -557.952847
-27.742491 -591.807007
596.189254 202.622487
304.374719 -973.217289
475.191396 -749.303222
-281.221451 379.676647
-444.958148 -128.521543
969.177640 -382.443530
999.684434 912.810899
174.671775 -818.532518
-219.443541 -756.139903
124.129062 502.725366
-361.158154 792.644340
-970.642888 -772.523289
-797.016189 -785.899822
-653.200377 -8.917506
715.045965 -917.077259
-279.515235 -132.983121
-754.713384 -198.575268
-208.156381 550.749505
458.606831 -434.763213
-30.109912 -374.941923
988.282608 -201.432789
757.675134 -964.337406
866.195696 -77.194477
256.297895 382.748329
-881.175902 -199.042033
-9.629337 545.043368
443.135422 -852.705597
-406.433928 -502.470913
-360.067231 286.312792
513.343121 525.633766
317.415847 -345.602011
33.184577 -615.291648
-331.832871 687.116443
501.391024 -610.088564
-694.933418 293.781973
-4.332802 -154.544403
912.424036 606.604684
272.892729 -285.377983
667.033192 -522.683501
894.277659 312.817242
970.231698 -126.840742
602.700786 99.656597
-583.824139 -680.163540
126.195236 -320.268465
803.342297 -940.549851
-319.221858 -431.460911
-517.948525 983.818159
-882.622838 -953.188003
-100.143332 962.601015
-288.109834 967.724058
-747.624897 -62.961384
-86.020483 -470.002141
764.191705 -515.997639
-17.756883 -39.499527
-455.238031 457.218696
-797.990426 706.595344
-367.439649 424.412414
-613.400950 -475.430774
343.217587 -424.452889
-596.891186 710.981455
-496.495104 -161.892204
-89.732103 112.141257
-652.088421 261.384556
870.041331 166.212465
-869.599901 933.729176
387.147764 969.160271
275.557314 267.039405
-465.586226 -7.728770
487.217542 -245.545753
-747.642794 593.843305
-579.200235 968.624671
-955.997795 -910.462774
669.609086 -431.650972
