150
-215.527362 -459.993312
278.453646 833.387171
-898.996314 957.939850
-306.776501 -356.772006
-651.600919 203.706741
0.420591 98.272736
183.945273 -510.324135
116.962876 18.823479
-150.616776 -644.001581
76.483636 819.362408
-166.877355 694.732560
-836.729302 -906.780226
-721.800101 -403.572084
-777.178033 183.518705
333.786528 -857.536646
818.864687 -4.138181
-970.512307 -28.708047
-294.913703 136.259552
801.225634 -618.562522
-970.612288 -507.696314
-118.993980 -434.959450
946.128766 -94.839551
961.058551 -2.439163
178.090511 -752.797004
226.007462 -610.846395
392.590746 194.698191
144.193995 356.307572
540.339019 459.217389
957.413789 -975.293930
977.164741 -115.213994
-685.964086 -633.497694
425.206019 175.057432
884.102893 -779.936103
640.300674 499.019065
593.468363 632.512875
-863.576321 775.723483
-183.560652 550.545998
-440.531847 -152.614921
434.018511 -167.128776
457.491613 794.791243
-602.945292 -974.078117
-460.516133 -490.309926
-981.970505 296.580865
-81.137186 -44.281901
-727.917161 -858.554566
-631.591846 435.667414
-151.192299 885.286134
-18.861964 64.542500
18.601069 -579.969256
-898.350213 -723.392515
325.258371 -632.651675
-844.147197 627.351176
70.263746 -729.780486
-314.237488 -131.626281
758.722351 523.861651
622.456017 -34.347225
98.896817 -937.595589
244.153524 630.796302
354.675574 69.788178
332.390419 273.442138
113.424280 -499.733813
805.519645 -423.080981
889.499935 -950.624881
-950.886538 727.382548
-698.012512 -826.742027
-259.998227 -910.185659
44.421242 -239.712763
-841.653751 970.016181
-99.501650 -799.731900
-89.845172 981.577846
-158.564616 88.594309
499.797634 313.920904
-905.772201 379.621744
-251.225899 -417.224097
-381.554070 -169.279718
988.342649 -60.625326
-50.693736 -821.297453
424.549816 96.235156
568.586744 529.469424
-290.383500 554.007920
331.014622 -158.608923
155.120042 -669.509003
-675.003691 -525.202465
-784.101266 -158.618278
-108.996958 -626.248233
-939.318418 146.492136
-98.377049 -252.438146
40.860056 -55.347409
593.767074 128.985538
637.357394 -121.991485
10.017893 -206.843738
117.371694 -671.981238
-473.335928 -244.243133
933.353675 -617.748641
951.294315 -187.857150
702.518213 275.335376
-84.136822 914.482125
-317.352309 645.013537
-827.536668 -118.659348
736.025056 130.286184
8.672762 314.725903
-522.555414 87.548131
-165.566394 -387.434049
-221.166556 -200.149823
-441.087679 -321.233187
-407.811939 920.991632
470.273399 -165.746062
-435.449800 -931.444807
-775.042896 -618.219390
836.485222 532.195594
906.807926 -588.677985
447.336398 -106.912207
-266.393915 -896.773073
454.801604 323.279633
-683.702568 -848.175925
-409.909941 -627.373519
157.704083 831.316527
-812.894635 -165.136410
-76.368248 -506.421855
-171.393219 654.879913
87.835758 -476.783524
757.158083 -560.312825
-580.558652 174.021307
-316.370329 -373.335786
-308.732958 -992.236061
438.139039 -794.426424
8.110985 -393.224711
624.810240 -326.291046
316.380459 -699.238533
897.860004 715.110783
-566.148188 312.519848
510.695857 -993.593219
104.449761 -268.414988
-352.725674 802.395150
850.762901 -748.387185
-189.588151 691.660691
359.700456 257.659661
9.823737 311.106284
48.569068 286.146667
-878.610012 -64.636992
-117.198217 -364.855770
-450.267957 -570.161104
437.103925 -392.485945
-302.301695 613.658319
-800.837245 721.736635
-287.194743 894.797137
-775.553835 482.988123
950.194815 -336.220460
633.190306 9.147300
33.227768 -336.314529
