200
-160.677363 516.011551
-935.812549 -82.214295
-164.492539 -93.930638
581.497628 -310.926681
946.439462 595.382901
915.013251 -760.824431
-793.016569 65.477399
702.772887 739.507367
14.475096 -763.103348
-713.243345 -258.983259
-205.201615 -823.642357
-815.693033 908.744532
-913.457771 583.747524
859.268575 617.847837
659.102626 398.546061
758.768003 -874.150236
781.573900 -449.795294
-434.441946 -270.818963
684.525100 409.757094
419.764413 793.174192
-120.753662 131.276974
-64.606822 -63.012429
-469.766444 -482.090477
546.651472 -268.297317
2.594525 -716.722282
896.246637 414.341936
-531.961327 237.343809
-296.486868 212.667383
221.175810 -239.905614
661.173121 970.580551
271.261035 466.161100
311.286671 800.720367
-29.683096 -624.655993
-60.883112 -252.497393
-141.022734 -561.920102
634.330763 332.372668
-411.442571 724.586824
-818.310415 11.327475
-502.958789 -92.818107
891.436784 294.946217
-528.092424 -113.838945
-581.795093 -962.859837
-560.967722 -853.182325
-777.057131 99.118701
-164.130289 670.323398
-696.125604 -74.688732
-869.403097 -207.763206
-98.023556 -357.577732
-640.364212 -463.656928
581.396104 473.994352
631.730180 941.096252
465.531168 -287.366783
-951.775132 926.128505
-473.538700 851.515921
-591.496462 18.064105
-731.497216 88.695049
-904.787071 -531.055269
984.379323 426.310682
735.838037 533.337086
-211.243045 -911.123189
-917.389252 -756.367536
-787.649561 969.498481
340.487255 -113.871305
-935.372523 -644.261387
-841.118892 364.715304
514.132199 -938.391431
82.618496 958.236178
-984.399708 131.011036
-401.454458 -788.027000
459.828132 70.961112
-811.585028 642.330608
-183.077046 -522.621132
-654.414476 39.949369
-685.085462 -304.761625
-917.296856 -347.906906
9.526764 -957.047521
382.055700 -538.323806
-139.804693 -171.873918
-358.816467 -836.390776
-351.061556 -214.104748
739.056940 -10.251576
-931.266431 852.705668
-559.971621 -118.647095
36.651576 -970.585282
-138.253475 -276.462519
901.637956 944.563694
34.435415 -932.395236
956.651080 95.392723
-428.464589 -564.481138
-59.771688 959.172008
-380.997591 -764.311823
-639.218223 523.890260
-667.154739 694.260621
-13.294117 -310.310837
-834.684832 -586.420683
-322.825025 607.909837
-103.822700 171.579083
232.289144 18.412585
-748.255334 35.766208
-519.752584 556.960711
273.733131 -985.791403
287.957135 656.533315
-572.677251 923.250429
377.654008 -216.359467
331.669915 663.487318
-618.207931 -689.873285
797.042114 635.702359
152.283104 -936.213922
265.886319 351.305732
-324.289768 899.209269
-740.637409 -261.371378
112.123501 38.968491
-917.556707 91.634904
-439.747213 -80.669716
-108.121303 -909.361706
68.809024 732.339738
-239.326572 326.209893
506.486271 -697.099624
-774.586500 -455.461532
666.448739 778.684118
658.809291 930.622230
-82.874412 -523.869371
-415.382051 1.735097
-277.937352 -798.765166
-253.143080 -303.167333
502.233564 774.138956
-124.348134 -220.265042
909.120322 324.802262
-991.477607 -582.689999
-227.472166 311.612438
786.236841 -381.810595
-187.269480 -522.011648
-718.843231 -204.140877
811.214431 -402.417293
-519.717061 35.172271
217.671670 4.488959
-691.952128 -883.641885
892.764530 -756.259788
-660.310822 983.648597
-52.081955 -28.008056
849.096454 -225.609043
666.711324 -24.273304
-188.049824 -551.263472
702.534616 -796.463625
-214.280901 386.661644
-833.730547 -96.128216
244.746050 -983.841019
173.190462 658.722803
47.560454 -836.044675
-152.500671 415.249417
470.198950 -371.866780
936.707777 540.251463
803.667432 -799.166290
-176.669222 -429.596029
-308.224274 -97.862779
204.477031 924.846773
-473.060136 -652.566379
-616.090315 772.365348
-137.052965 390.543041
410.199700 -282.852707
258.669083 676.414528
383.237299 -112.086147
-179.714311 261.737968
-212.526498 -375.747205
-836.012409 -115.833415
-561.744045 496.399379
200.988743 -603.258116
-188.237900 538.423357
-28.903184 862.773494
679.716885 -676.868912
45.936967 -839.306526
258.186246 60.997795
-365.092879 362.549171
563.600785 -296.509259
461.283824 560.415185
-296.042451 128.676995
-127.129281 843.275553
-707.953252 435.412619
-252.241489 -490.747870
735.210285 850.014295
-651.598853 -470.839121
-486.772460 18.223819
-993.540129 18.198412
-27.095058 -364.286881
-128.973176 186.920003
697.257258 -853.124122
-90.637122 -800.122225
12.171507 330.972379
404.492345 863.739309
778.676644 -387.383405
-760.906737 -371.578943
-769.990101 -968.334777
-913.459338 -725.549916
-81.407429 -116.575805
414.257390 433.523755
711.518720 447.937872
177.637471 -28.068435
-586.275587 -771.654967
94.269422 -94.364474
607.014149 -704.349396
