500
158.903120 -639.025272
942.936616 -71.134456
413.463670 250.262577
60.841261 271.702876
283.889113 -830.322848
-752.009016 -236.929608
298.630673 -328.821813
-860.794997 -802.106607
109.441635 -373.667607
744.836705 -721.106241
-542.877898 -858.060273
516.910007 286.719780
-951.696723 -611.031357
-220.698168 -55.800021
529.826875 774.597880
-503.998675 -889.029304
46.381404 710.138679
922.313600 -845.615885
960.043835 -393.806574
-490.341538 622.721240
514.783602 -435.491032
-829.698706 910.898017
-668.173374 -675.036708
24.697214 -84.937107
-530.224728 229.183784
167.518208 754.828134
396.573444 305.810613
-237.221716 649.085091
-841.470808 530.524353
-194.857815 449.538231
900.968300 -317.296460
-511.094651 68.151493
-64.102127 674.069182
306.721404 -150.535488
-984.597774 168.803319
-982.145763 -797.145282
-730.412775 -469.826522
-258.306769 -63.693571
579.036193 -696.480282
-70.632154 -698.177777
-494.406579 -109.454885
-751.059853 -661.170788
856.218397 664.581312
-42.724323 741.725654
631.111142 106.470053
217.572337 -46.977793
-955.385881 -95.805119
238.815759 -687.973549
-129.921486 598.250190
933.588781 -797.598616
-957.072463 355.224869
-58.645640 262.368014
-183.241141 602.651656
-29.059361 -442.316914
-958.278785 949.992991
-430.971369 -969.161659
244.396417 -488.328663
210.020616 -669.183159
-759.856252 -348.236051
328.320854 -409.998662
-877.391619 -669.084971
182.694789 -360.595405
106.338329 -782.395557
-869.105238 66.592648
559.890406 -634.525510
730.121993 -926.695974
892.944961 958.458539
-322.675609 985.332212
449.424840 268.406559
-248.859291 542.779387
-255.251250 -77.019095
324.968896 -741.663645
-19.929991 -778.193440
-851.775002 -519.528014
-282.318676 -18.851998
-693.456814 105.541377
11.074215 503.060459
-605.514897 338.876066
375.064260 389.603055
758.100652 750.264061
481.559080 705.206285
44.547869 310.182114
-667.893033 -642.605912
672.854705 962.064122
-241.849078 -831.838342
-125.315157 50.201126
544.059011 -362.170041
278.750598 279.960606
-355.921931 34.303111
-127.992088 -315.915275
-828.045416 505.989979
-825.074412 -902.106555
-652.376420 795.751219
-864.426148 -633.189269
773.502113 18.634048
-780.354547 -215.723804
874.502282 -9.210392
-481.233128 943.372922
-990.646408 82.941119
-302.327421 431.971202
724.033160 318.279769
-234.512187 -371.260428
192.654113 -695.109375
-324.687114 -212.645107
42.096559 -183.203020
-87.070961 174.552044
-411.024054 -912.244768
-736.647832 -218.640065
434.270513 925.052714
-998.980132 -235.372723
-57.843567 603.127094
-448.159750 -698.911503
684.214106 270.815252
-724.944329 572.674887
-245.156983 -131.342538
837.969767 -888.717883
-307.990536 730.108418
-394.194405 -709.250649
-841.187452 -388.331998
64.667993 -540.638604
107.392818 -271.268844
221.598937 -358.806790
650.724505 -214.834435
-528.410541 933.021540
-910.133493 654.327409
182.948464 -788.857364
-769.052936 -927.762775
-133.653555 130.338255
-786.120259 884.400859
-291.715988 -192.969261
346.425735 -655.611574
-140.505798 -650.531127
-866.601797 -911.998448
-37.610880 -904.204888
-660.001613 -725.193117
620.127545 550.398837
226.747280 353.884830
-114.688708 74.694355
677.619651 -167.838911
-773.205538 -86.719155
-453.876854 -344.363843
-288.146007 -101.670978
-169.140552 -122.250000
747.208554 -287.937282
125.658151 -63.769863
669.283796 22.726831
116.147490 787.865758
-295.484720 -530.480093
-748.037693 397.711794
-487.514167 -567.498933
207.404888 836.203778
581.393696 527.912148
671.511905 -795.940837
-58.627074 663.746999
701.629328 -351.688070
804.327957 -576.890669
-391.628047 398.938140
-148.379297 -609.611896
-623.511197 183.237200
75.863580 -792.768444
736.674983 412.199387
-828.187559 410.770128
763.814358 509.731721
637.382777 596.784155
149.630958 353.151105
473.097069 -878.090902
985.005060 -314.582905
515.501768 606.460917
336.977579 -275.595707
-507.069336 -182.958967
-168.984541 278.331587
-270.377882 -158.430407
698.482213 -139.548084
716.841162 307.937687
465.359502 -316.367291
-234.258324 814.074790
360.543570 199.467789
-560.594627 657.271740
19.602885 -25.710083
97.189980 572.124085
-654.412642 969.615943
427.584056 -447.898273
36.131926 -793.087744
-302.833478 -748.435460
515.824070 915.156457
-510.857620 -100.987024
-641.757134 -179.145451
706.251563 634.804738
-398.153574 -568.429054
-956.141571 838.481094
-631.208402 147.484863
-261.792267 -42.105650
-678.087964 828.486942
-784.275065 36.423149
255.670800 150.869945
150.877599 -344.619152
970.415022 -230.118183
807.566545 -221.081049
-505.525347 -277.987485
-0.336999 413.262336
-319.905711 870.235047
850.794447 467.382373
-890.749423 -880.185645
-107.271784 204.530574
235.256052 -200.653026
225.523413 -231.868580
-288.018948 426.186877
-491.279067 -555.816032
-245.377159 694.768913
405.966927 509.524809
644.679045 -403.796364
464.785125 -15.353100
-34.307311 -151.289773
-927.006171 -462.296826
915.737534 -845.680632
-255.998569 -587.988592
-727.411887 380.599239
694.856397 -202.368989
-364.974717 -51.170143
-526.688423 -128.988117
-873.275315 759.981091
848.773164 -952.828193
-640.853898 669.273358
600.213424 529.664963
723.872791 -457.623014
-660.118404 444.148946
569.548917 465.640147
-740.789111 -506.799048
434.666970 866.140626
237.896234 -43.235958
847.597612 615.446856
-242.837437 -951.264646
636.778208 -399.228446
426.864972 -160.646767
-892.914683 -103.258964
-79.839072 -634.460445
-765.907589 8.213333
-758.433080 579.928602
-454.248602 393.188106
707.710286 -200.121492
780.197582 943.946647
378.353533 -44.907908
-362.839246 976.654520
317.476901 361.057072
-538.661488 149.813645
-438.544177 -184.128304
865.953795 167.277837
569.450011 332.930466
-755.555565 -446.773602
231.953002 -798.088025
-609.617359 -857.709320
-948.583691 -65.598932
875.993267 317.742549
417.788411 -566.058476
40.565029 -141.109316
-610.835739 273.571406
80.852236 187.089646
-84.979424 -331.600915
-497.028979 -484.099397
64.884435 249.468571
-101.570255 -387.555908
-320.936592 420.635689
-998.180297 -61.510775
17.842525 973.850940
-565.750603 -562.995269
27.670690 759.245587
-969.034907 -704.119637
394.800432 -555.807703
981.606459 -773.268231
60.217517 -80.120393
-854.947703 113.974761
-27.096122 381.280629
156.437140 581.584843
-391.959707 756.640494
-100.547592 237.711911
307.983143 -598.264979
988.337740 -989.789272
754.386825 63.574839
55.276513 11.195751
-552.217748 -524.301607
464.378844 872.978889
176.219709 564.599793
-674.883419 177.420220
946.776065 440.788760
690.902207 -871.553664
-836.010144 -400.809612
-618.863309 185.563312
-28.880426 -210.870157
-885.467937 773.848197
945.131931 -146.420861
-591.567824 505.857017
-879.579863 728.071174
-942.272479 -380.468066
194.550841 -204.480554
-313.224169 -513.958396
-269.003667 -265.081919
-302.363810 -241.485023
-91.983663 -250.787102
-884.528108 264.209688
841.617268 475.402637
-674.302799 814.078057
968.872739 720.556195
204.064609 -759.996876
179.779297 -24.237525
-215.445213 -112.564797
-330.086951 766.055572
-534.347504 179.500243
941.229754 -892.086236
-770.895867 422.160595
879.191058 493.847318
548.765848 266.929858
-273.072849 812.750494
27.817439 613.441993
-533.006377 745.422238
-999.701925 183.433363
-380.429917 706.164074
-325.188656 121.666737
-108.155064 753.483998
-820.318151 -775.878780
709.378633 -398.988873
508.055565 34.815306
288.697231 951.018231
812.307990 284.888497
859.047294 880.100594
-724.951925 113.656868
-263.050502 -492.000898
259.168464 827.464500
-8.647010 196.572136
-162.542375 859.836132
645.218967 -849.813142
963.946015 288.124571
453.199623 -245.002296
-681.757574 941.231783
-337.025199 -103.072286
296.443640 -118.225178
448.682448 -112.487494
-377.143872 504.038833
-56.324004 962.744161
415.001415 -425.885138
477.144556 -659.739818
324.151321 -410.813161
942.132023 784.096759
-292.336758 -84.227171
888.872929 206.127199
510.538714 -126.567875
566.964129 365.084904
49.529529 674.873366
-706.383388 410.847013
-663.131306 884.928308
-269.603326 103.458783
-274.186585 474.494772
165.546231 607.836659
-68.869990 837.883614
-114.645596 -363.905491
537.274645 -936.171668
-189.825917 -256.264901
62.695509 922.608065
482.512895 593.864092
-291.739576 472.672740
-218.263248 662.655243
-261.217741 -848.230262
428.191153 329.472122
69.982637 -238.455738
-29.134043 -566.263825
-142.343131 -626.353665
739.526906 804.942118
435.043363 642.224269
526.601386 -133.503999
-182.008869 263.534343
-233.455709 215.602143
-223.778993 -783.555206
724.521876 -489.114352
370.564225 207.321523
-807.291778 264.398665
-261.572664 692.219930
234.646373 173.510661
-694.876478 331.032380
-753.424656 -295.000461
-571.466825 492.921666
-980.809056 760.900712
-512.804060 -188.899678
998.622599 -307.265189
94.532808 59.959803
-264.067913 422.999993
841.682359 206.166229
364.556924 -828.967908
420.662206 -230.774695
-573.489390 34.531069
410.827654 -788.825705
-224.919688 -980.111734
572.405849 -405.048510
-658.325918 803.130706
-524.684369 690.063470
-748.948160 -972.015865
833.293234 -216.448931
809.865403 -527.260933
649.144276 -373.675091
264.394372 -33.824411
-716.113291 61.641847
-734.650923 770.658426
-295.122996 863.179844
-674.913245 -965.832938
152.502764 483.371758
-973.831558 427.729473
-553.016407 -446.534197
-867.287665 -846.082542
437.768884 584.064053
23.588163 138.528430
-248.472345 36.293521
-507.802188 478.799807
-464.288328 -816.866502
49.069043 768.500295
527.511701 -929.603251
93.462796 -565.177326
-329.409510 287.793312
635.426587 -207.841515
-730.529345 -687.400147
-77.164790 -276.521651
142.126105 -531.324654
509.368717 321.507320
106.194730 -313.146444
-621.580835 -391.197292
745.949501 993.101576
367.191630 763.190769
-262.621813 995.631308
307.256976 -61.322836
952.714997 -174.070756
-778.133653 -82.665633
87.096474 -542.706003
-236.971675 -720.501726
-769.770136 -202.663084
-650.596324 -72.453417
-148.756657 -913.780045
267.523723 649.499877
-806.720488 -510.156653
143.103746 -506.587766
-34.131348 -2.324252
-774.696972 -830.162536
-322.703604 644.093890
-563.311623 -826.827716
-185.771897 -31.090703
-647.838952 820.628260
-41.096255 54.037752
886.833091 847.057327
-783.627374 934.579726
-221.630693 663.989963
699.439023 -537.025341
885.862065 -186.457526
391.719052 628.024862
-170.878085 -933.923012
-845.032563 191.793461
-259.437000 -455.531086
109.904581 -955.699571
-11.218424 -988.499553
114.963471 340.619108
744.596268 991.818173
814.437760 866.174400
748.171638 -816.509700
-304.849831 -841.785995
348.800857 -898.525562
589.205826 342.996172
75.803553 586.767415
140.601166 606.951877
-894.960925 470.772907
-755.111759 619.689083
651.030153 -482.240125
670.385235 -641.736966
-708.197282 235.954153
318.319512 732.211177
10.270775 490.022236
-383.309134 238.443020
-940.645023 987.716106
-766.813715 -374.791408
-944.302208 785.054689
149.861527 994.714629
-234.664877 388.136191
-228.322424 -156.668825
-313.114566 104.368183
-588.392253 489.583577
816.105092 -702.487417
-286.107792 -102.681433
-211.771272 392.132644
-470.556492 663.581522
261.665245 -809.454625
491.616226 808.738558
510.382911 889.703523
412.722012 611.187361
-645.553202 -245.826195
-988.820716 -530.300959
-213.031662 436.582990
559.261647 -46.390464
272.745313 -225.411500
433.184780 634.106069
868.909071 -281.445800
494.324986 -606.017861
899.594762 307.054489
-603.756993 -447.713136
-237.667656 -598.994145
-272.935922 -795.463927
-144.814399 84.221360
