300
441.988724 -663.790809
-800.391631 -691.241488
-551.450085 -8.963621
-475.933005 454.664741
628.965818 -317.084374
-420.567604 514.448233
-223.212651 753.940779
-127.988555 120.376666
-20.656198 -718.021774
407.891242 -896.429894
-361.274672 -791.315857
-810.683249 355.302004
-275.427067 252.103958
389.090795 380.171409
-513.904197 519.250040
-375.789732 30.589575
-790.523612 -477.555751
52.608365 -885.759580
-688.455930 724.753299
-281.088602 -330.539886
-802.691062 697.759955
247.965395 -737.951982
218.579252 950.096259
-835.434247 -524.535482
386.679720 -276.756617
35.943331 -936.724107
-310.810429 647.025747
459.576003 -809.876629
534.679889 813.913063
-969.980731 328.895142
-820.631724 572.796784
-262.622374 -242.437145
-326.623953 -277.157913
96.832709 -326.322878
-876.972553 909.441874
-767.811936 -996.006888
622.050596 965.367593
-222.563953 45.627444
576.020884 344.913274
390.584559 -592.268767
984.323245 65.497423
-279.591445 -957.523050
689.594496 82.670329
74.557611 -390.615161
67.167857 -783.028768
184.680210 -310.943675
800.904162 -952.156370
404.762038 -613.298671
899.461386 617.706317
-696.260682 962.496129
-39.745212 918.126956
-865.568484 202.074797
-314.145079 -902.458726
79.617618 -562.877227
449.966360 213.623691
657.412027 614.289392
307.330483 -388.387374
-660.377725 -501.427445
651.559981 971.277303
-63.478894 -125.261740
-518.774934 -58.085522
-224.101791 752.728885
53.206348 412.881549
-709.954193 -271.670724
-534.269401 259.504796
338.123360 -46.480360
619.773012 -53.458389
511.124933 238.137789
-228.370225 -793.542963
-35.351777 543.807231
27.833662 -308.583079
834.110361 -0.645422
-321.230469 340.299569
-492.703725 -102.743722
-595.130594 -536.111499
146.356357 -980.787243
-796.885372 -869.807391
505.069751 -594.773521
993.166918 -29.491452
-933.736222 -522.082828
-67.442484 -341.218721
120.989447 95.886947
210.132804 451.341270
862.522064 263.270207
393.146614 94.382675
-531.371696 896.526000
-547.694217 981.176616
33.112717 -899.207650
-734.569067 239.762547
250.591860 -607.630079
328.231464 -418.690774
-154.928997 -676.594674
501.616636 134.857684
4.460569 -455.077543
-471.962393 533.909316
235.299926 694.096702
-679.739395 587.827760
-854.534374 683.168208
-406.153691 -335.900907
-919.567695 -324.158304
656.852397 -862.012513
384.412125 763.565596
-842.057527 -27.666915
-411.574502 -541.905613
-487.309844 533.595110
657.482423 -28.403858
-991.939755 -417.720658
794.046024 322.839684
-273.896803 -966.854647
-934.004172 94.202715
722.659048 586.325958
26.630555 861.362583
-685.982296 -550.084469
-334.490163 422.546085
-652.689957 -530.908727
0.182920 -665.141308
359.117000 -188.012087
859.145922 297.161145
-319.102490 -730.544466
-379.696898 262.715491
-610.270908 865.429135
-978.993490 -71.304079
-660.822924 -354.815133
-441.963946 -993.030101
940.036740 905.885751
252.080850 388.754174
-268.168837 751.754411
-483.241118 569.431403
540.035130 -950.354285
-277.676814 -560.939737
-230.427280 -348.530570
346.914464 -941.813217
532.136378 -679.843700
-49.282498 214.225226
-795.161257 690.222981
-241.857161 -590.381656
-127.892842 -629.183569
-751.698406 -147.820789
-93.720138 -350.996389
747.015555 573.833757
-621.584896 157.666189
-30.844959 -797.035871
-852.159262 593.644572
-171.857215 962.833584
55.494557 811.834116
39.891520 910.504741
-555.067501 91.941399
-545.058526 573.175898
183.854052 128.214133
146.911553 605.752513
380.615747 31.013753
78.886202 -441.508049
-410.168546 -308.762112
-312.238633 687.309759
-119.446056 -3.317613
657.712970 332.535697
-936.833194 386.932746
644.668916 250.318909
446.879176 -80.100629
-510.174421 -733.863782
535.743698 754.118052
553.969048 -488.081186
-326.201442 55.257593
537.251775 -747.391768
600.890043 -170.714651
771.318015 -678.490130
-364.158033 437.244522
-415.798002 -19.611099
728.578250 -677.291962
-557.855285 870.497674
-506.454025 5.751300
-341.317422 -611.088330
-97.259869 114.267113
-782.886841 394.170191
-521.397526 865.673204
305.734325 672.886039
531.621374 444.833319
600.118122 -946.117667
-258.033585 -312.482516
847.700159 -549.056062
-983.859850 -126.797723
424.828511 -769.983567
-566.603794 -307.161733
391.762136 -124.643360
-100.593564 -987.064697
-766.496164 -374.847420
-688.623583 -724.378041
362.585893 -294.379492
574.061113 74.062600
-543.202633 603.226449
-699.779469 -751.096413
720.482750 870.448872
407.033680 -491.207938
-115.090712 495.729035
895.846059 503.407555
-5.428963 -734.140125
197.448025 -597.554817
-115.748655 -536.786705
730.221812 44.656411
-324.735270 303.271765
669.691165 520.806633
-997.610577 36.860312
702.911743 462.689395
453.237316 -125.254638
182.314424 -384.970926
516.229009 -881.603629
-539.787304 -696.434906
-3.220091 343.496539
-604.854751 -522.825738
-234.295553 -600.590664
-125.977312 700.952224
-811.317947 -237.981878
-989.027044 -737.199461
-497.011274 851.334393
396.316243 -178.011913
-592.593775 -589.465601
159.189902 185.448139
395.804195 30.384476
-926.220378 51.998955
12.096714 -609.690906
736.058275 -95.684314
515.529210 930.539396
974.677006 269.736911
23.419329 -596.799953
922.769787 594.600758
-927.232116 334.253041
-660.236498 274.512166
-625.594560 955.234812
-219.660902 858.177786
-169.717316 164.346825
-435.808535 867.040146
610.559409 794.180350
214.686499 957.952799
958.385280 429.737728
-858.751701 339.335367
-75.232145 -341.142499
933.424119 293.055102
-273.329458 -62.373851
353.198405 523.975674
-785.954301 -387.361106
580.924060 259.567551
48.151709 -135.912275
91.944370 360.368647
-752.758433 578.471643
-407.214754 -2.174838
-916.860519 156.303051
484.212546 477.105890
-854.496757 338.991895
944.116599 -292.805254
575.999424 697.928139
482.615064 -723.463889
42.603725 757.746164
-786.488069 -973.153766
-560.220324 -739.341282
980.679563 -649.170697
-736.290107 -612.674600
-243.210602 -948.628400
47.612455 337.093311
-560.676080 168.529932
839.435699 -438.175379
-576.301349 -65.468058
593.810201 -243.547556
172.888017 -870.330172
243.512087 -126.042364
-426.471872 -978.920777
865.628763 271.734151
-544.862499 333.997621
-88.807167 640.150068
759.455558 -669.731416
-581.405267 -234.607713
-308.488827 42.841221
467.566166 843.081014
288.738185 -648.227524
-255.324168 376.072241
-193.641934 -85.168664
-206.765622 -668.604230
-905.401901 819.391657
-958.756263 666.786673
95.357851 -671.201880
-636.668307 -590.272954
-329.047844 154.064907
768.444035 459.017913
400.077385 710.998663
928.278201 -791.804741
854.291931 978.114154
-204.857747 204.310084
417.820847 461.943697
859.600988 -567.885750
-951.124035 -792.790981
-232.476427 -726.212426
927.742559 -607.380843
799.329454 735.396686
-641.319342 -301.741162
-7.115805 808.590553
-310.421306 935.510223
779.505374 -949.076873
-39.035910 656.294472
585.834668 45.256185
-966.777663 989.468568
-534.937538 -267.801472
