120
-651.452762 591.731181
-163.673975 595.581908
-44.978699 -530.140743
-473.541564 27.702445
-532.138326 -791.514488
-997.230525 944.389562
-441.017946 -518.234991
235.428157 -539.372719
-97.839380 -231.874917
-107.462210 846.030814
-804.432888 736.691723
-418.642500 -282.883782
273.070644 -439.322287
3.769855 791.358253
-538.894134 544.564624
22.813629 -675.102651
537.824624 -42.085503
353.236001 598.197761
-130.000268 -416.636650
948.551300 408.440818
855.795820 894.393010
-225.758178 219.089201
453.799288 -212.985452
417.648235 -652.946097
890.110982 -248.236464
-335.670850 945.602614
-37.930970 418.688846
501.665683 -741.444362
280.602108 433.405457
-817.558515 -578.568141
380.261510 221.452214
-243.331390 -332.864757
-851.278743 -950.574124
677.184907 146.283619
-88.630470 -338.464751
763.446472 248.075185
-813.376686 886.115774
-968.363420 302.437123
172.174265 531.196821
-560.900239 290.355941
743.116398 144.720988
-692.026539 -69.908347
122.420810 -48.257568
205.150227 -254.769182
476.559553 151.307579
773.972299 813.970796
-959.724066 879.068369
497.733850 820.760546
400.344724 -254.093120
957.793241 -129.243234
-39.900116 -614.084640
-128.926251 -937.944808
599.422389 62.960801
-439.672497 -744.280776
418.158380 -994.024523
975.866737 -336.472717
343.762345 -999.852059
237.601627 -395.178699
-173.445874 772.853326
-956.959659 107.589541
595.619574 331.944361
649.332553 258.964930
-257.267465 223.945334
-577.742419 -534.730834
502.754593 -493.347282
-466.241041 16.814516
686.151487 -91.050043
978.817657 701.952730
-73.269833 -112.569672
928.043989 217.067489
849.764534 495.854384
-777.545474 -323.484716
-500.589871 838.543566
554.091825 264.882628
848.555653 -620.773313
-128.615709 -513.395532
383.066135 -572.212648
-122.166761 232.348050
568.775590 -705.553404
809.795613 472.830076
548.698230 204.421063
-419.247922 31.031068
-366.482578 630.330021
942.501628 -697.803502
983.841134 -307.995656
461.463754 736.468347
-893.308776 640.229072
-93.856632 243.087437
735.249485 607.299216
-393.121488 -711.880469
989.363643 460.449913
-681.007083 490.430800
954.299476 -25.096166
-788.591162 -370.395741
-419.373608 -233.595481
772.849487 88.700486
763.133981 549.999417
677.313281 -685.767021
208.092659 -940.582711
421.459013 -905.137020
-809.155989 914.126365
-618.595993 436.892322
600.275968 -737.247389
348.577134 -876.188869
-767.889044 -553.016678
-143.124057 -108.961124
259.522061 -815.935751
-875.357492 -925.775594
56.767128 -903.756140
831.417683 77.558907
-673.026394 -64.899067
284.555952 -40.666123
-343.112647 -196.294901
515.946123 -807.723665
916.120809 -387.799298
103.066583 -852.451520
847.719022 657.678443
861.973687 189.476400
403.188326 -315.761280
758.714471 -528.124966
