1000
-871.816460 468.086363
-431.352427 -111.234752
681.390218 981.509797
978.594681 -191.393885
330.654125 -10.006693
362.175593 -654.805830
-994.661576 -5.912357
-272.373629 -973.577829
-345.103691 -558.345804
819.249922 804.903510
-359.152162 443.262275
-853.298503 815.570806
-625.712636 145.522584
561.215081 -941.230132
-984.297673 -132.520612
-721.707374 892.747183
-599.949119 299.625485
808.879340 715.582282
-636.125714 182.132740
146.795473 693.187019
-236.771932 531.161203
-957.101824 -713.951259
968.537708 816.280803
307.081036 42.463628
818.967974 -433.039144
-568.837372 156.041726
238.327844 196.902983
926.438436 535.312485
-805.129129 12.547816
-78.168118 81.071379
793.270354 -364.854007
-259.477996 945.534854
-491.231674 -991.777342
766.160888 -871.186890
629.181638 935.304717
-375.659308 652.357458
281.725387 604.474930
130.939253 -598.851250
-725.650400 70.223840
-707.762755 628.548010
-250.513328 151.112067
682.609988 -880.934342
771.996995 577.550098
889.794606 753.200629
642.585990 -410.037393
67.108407 -90.814417
-327.146340 820.121804
-49.624725 372.594447
514.728435 -718.089442
-758.434140 925.703687
-107.561337 -616.845144
897.706491 -908.422122
94.724783 -317.868632
-522.017392 628.313723
-885.012535 522.383002
-22.813365 34.826218
-602.162678 465.522904
266.832109 15.239166
-413.432440 658.426090
-593.469520 -850.891643
-62.315538 355.319239
-86.390658 855.783204
-24.876017 -249.455382
-505.432782 -203.635565
917.473417 479.132154
634.119674 -276.430770
-959.183864 -312.684707
-913.471513 -183.771453
497.713143 191.951834
890.705924 224.522648
-378.944876 -871.208241
496.561756 -92.167664
-396.839001 -958.364777
680.301782 -365.308776
670.016196 -2.273912
-351.925190 910.635038
-707.379880 -325.841939
-923.231415 970.502639
-108.512581 893.692039
-980.653076 -404.881218
-825.065971 247.100229
-262.317493 954.792109
-721.296407 843.622772
-441.472919 222.140681
259.417313 -942.604131
0.292455 -887.693365
-767.690068 396.045148
-919.051802 179.520276
514.791557 67.050199
819.189659 565.368530
-489.822439 705.208331
-586.108556 437.472943
-548.057759 985.997868
358.807007 -962.630142
463.953950 987.402987
-467.697874 39.525746
-425.317048 -857.645400
227.765019 579.094497
866.717206 982.026670
890.384522 -470.862173
-831.320619 951.499677
881.391065 -620.552442
82.019133 -397.274426
-118.077054 -539.917479
738.669193 883.020960
145.316746 -73.524820
-663.980693 -469.350088
704.600696 -317.583983
-460.263099 520.120364
541.046772 -286.065770
948.793273 342.772143
702.871493 993.447948
-633.039099 463.336020
248.431357 430.154452
427.699283 377.922591
6.791528 -737.931564
175.896222 192.815157
-907.082857 -910.763839
-971.597936 -125.680422
-962.004997 -866.135198
-674.537161 -534.475925
-617.201963 159.695217
-918.228458 682.632449
324.496816 -475.291806
474.312212 -434.522042
-812.589351 -261.412300
-194.116855 655.027239
-694.117527 -285.177398
-736.703160 9.049858
-27.207710 434.176932
846.699469 236.327772
-802.749675 16.042335
750.900432 179.647145
666.578528 -40.244096
-356.937166 -795.070359
705.820508 -399.151999
626.369669 -806.072375
-254.233027 -433.272260
-9.445947 961.719048
-197.638744 197.196709
759.479224 -784.117250
943.986010 278.305098
545.134927 584.859544
-636.106161 161.031435
539.872944 21.213299
-421.889836 -694.223714
275.280095 -373.887643
605.210998 32.375784
-681.635490 609.283873
-569.350158 -587.211244
923.143019 -252.893542
-288.225781 -396.710792
-337.428950 973.894043
821.025548 44.537422
348.477438 610.220499
815.009301 898.158650
246.616232 349.190023
-487.426176 71.033565
389.184044 409.105239
-276.151666 -827.586782
-82.514773 890.531699
170.919899 208.840483
492.119944 -694.547112
-357.699961 -254.380923
713.093738 -338.059460
-644.762777 -631.130774
-823.504056 395.935876
-848.342709 -152.766722
906.271420 -345.112828
-554.612186 -570.996599
710.395532 360.403012
734.585035 788.325826
195.962298 -634.481498
-380.916160 147.037522
751.694798 91.417581
579.016881 630.808149
381.190864 -6.576023
-698.318130 -39.809958
-502.394707 723.577877
432.258998 337.698500
-319.941079 -212.943360
202.993014 26.324466
903.501647 974.249765
-514.969177 514.472132
857.754521 -761.459337
705.797885 575.161218
-597.658820 -527.093516
932.444071 449.687859
-5.374108 -407.097040
998.000562 -201.994567
-113.468709 169.388951
381.604144 -318.280934
-256.578336 -855.169855
-96.170259 -243.963408
-930.597874 376.810180
-133.560710 -149.283064
294.071948 -987.145122
261.553377 733.043226
-129.201706 -352.744963
-764.498802 563.964809
-314.579290 258.468811
-402.891713 -369.119430
-474.335515 -587.313663
175.638987 -846.001776
-631.780518 -399.554616
-994.192457 -749.345005
-428.389097 700.012211
922.732449 147.119143
879.865865 884.502881
815.485779 -758.922359
-823.485588 -329.631026
-332.463248 -963.653649
126.661551 -810.868123
-681.177233 832.320718
266.944609 8.319950
-630.329602 -103.734218
102.615650 -18.616459
-237.585611 195.976873
-223.324456 177.247863
678.447177 -271.883017
734.242354 854.617168
-219.355325 -969.184463
-128.447498 -822.866761
-195.154670 -859.349425
-620.738754 -168.129064
-146.746059 928.911921
427.211547 192.657182
-977.962238 957.553522
734.161660 -379.372162
967.389640 -228.486902
-68.863117 905.934878
402.646950 634.992280
715.963706 17.590074
785.194602 615.400792
-65.805434 137.912752
485.135914 -42.467981
-439.620251 356.386876
-283.003474 -965.872821
-394.918927 -89.903231
-989.231703 309.605400
-129.908495 767.567533
55.336621 -221.050239
850.955741 86.809894
49.169138 965.723181
-795.018014 -470.041402
-823.785926 140.361658
831.870110 -521.458400
-584.158718 111.625128
432.288452 -128.240504
-563.961149 803.962965
911.157432 -921.810410
-252.640532 677.052117
406.876328 51.921103
-879.409678 973.504225
-928.561470 -418.706694
199.067712 -144.857497
596.763565 -825.310183
-943.665126 503.459114
-921.317793 -411.052462
-590.167138 376.329187
932.964316 980.770162
-873.724558 955.107831
-386.153599 450.493354
20.308868 666.491366
-766.117941 990.311262
-9.248189 -345.245907
-429.194272 492.878496
-865.960209 466.977403
11.461223 -823.759525
-920.523268 -769.016517
458.794407 479.279307
-410.466165 -617.287878
120.949125 -943.809817
-319.818320 -137.546036
764.446010 -966.730666
-47.495661 -753.062272
-545.723704 521.053724
-150.656649 329.559008
14.877071 -943.471702
-669.945064 972.236098
-126.122188 887.872061
-95.752550 -861.176955
902.158118 506.377247
-605.703976 -683.110515
-903.237008 80.228925
896.130489 772.945549
770.640681 219.876604
913.275987 -735.307662
335.314716 -552.193200
287.704265 400.022325
-237.285471 169.235078
-221.589997 -34.639119
371.167123 861.973036
480.498650 -530.730194
-125.675601 129.775664
475.666809 206.287993
-915.988247 786.333268
-379.351312 -237.891505
-779.960276 385.558286
-366.251922 -185.282764
412.286671 785.608472
-734.364267 -982.449477
211.864627 7.704303
-426.727564 -581.812752
-120.048671 606.237099
-453.716035 -673.121675
-50.655799 -82.967605
591.903852 -377.113455
116.694127 881.302487
171.216341 -309.619922
-224.130001 267.628768
-699.726961 71.966287
527.760509 655.208100
689.060987 724.685884
601.383056 82.581777
28.810488 443.792973
-445.818221 -667.988688
496.066647 -575.646626
591.205426 565.452979
43.485435 -489.649599
-763.367814 -859.332447
315.934013 -226.743729
-325.699534 343.750093
-249.296211 913.462416
-862.290300 547.418725
75.018618 705.514687
721.793838 -195.094944
725.435325 379.663986
-814.106352 187.766562
-639.404268 -791.131572
-873.963404 99.653991
-528.803281 947.560221
-249.207185 -765.173402
953.179836 -485.533212
-388.075665 -709.056150
-435.492284 333.688002
921.889761 -164.896698
354.453120 28.591687
94.241624 -29.921380
78.834789 383.221740
-17.119172 994.786600
431.654397 -630.764081
-991.176027 -252.279652
-100.692976 -12.187595
997.151653 537.845192
720.469980 -993.323438
523.046600 -947.136120
-908.003078 722.194803
423.048315 315.293505
950.530749 248.993687
-888.148671 -599.363272
597.968740 -516.987939
541.871804 -837.655121
284.417285 379.752345
806.211382 96.274114
156.620658 -511.623083
207.904822 -824.043088
663.623383 887.762811
320.133825 -917.774834
-219.721179 952.774073
-720.521970 -145.046055
-839.559064 -505.286175
-786.758136 -197.819049
526.821681 764.083775
-712.332039 -515.804874
694.847425 -712.272278
-461.678396 -498.737777
-932.094387 508.903563
411.289416 380.826493
220.661422 342.097995
-252.566337 -105.043182
-802.303552 994.612413
-765.878007 622.919053
-933.329226 735.531489
515.000722 -922.778555
209.753641 891.276207
-386.178565 -822.390745
48.031954 -273.365547
-913.694626 375.160762
-183.388728 -904.192078
-563.981191 -199.520658
-500.555674 -897.193227
-535.572212 829.627375
-460.160689 613.955998
751.329419 -813.094393
-610.752483 983.103793
522.524420 -565.521317
-692.121885 434.056873
-355.190503 -676.474723
-562.640864 103.050311
-170.108039 -310.976448
478.822108 198.164885
829.354377 -725.106255
-586.359258 -505.720189
294.781345 -825.515045
260.894833 599.198532
347.160698 826.465596
4.645081 464.975290
-57.663713 -872.216887
-791.230023 -825.980358
-168.622453 297.672508
-37.159755 880.716161
879.295729 574.155138
605.224465 -888.443892
-850.752135 119.479155
-75.796647 325.709542
95.778883 -711.391519
-138.884359 -325.269070
525.985943 237.492097
-958.216664 113.272193
-329.255932 -205.125777
-441.086348 381.468341
509.255429 63.357840
871.800600 -960.835585
382.021098 913.797647
420.281762 -842.339276
990.135853 650.150960
-266.317638 696.423998
568.229526 -324.914683
-841.724118 665.687069
977.278880 437.105338
-188.013860 673.830931
858.557523 -979.137251
-328.420104 631.719848
233.644637 -208.590678
892.409645 650.269437
994.110059 -275.544150
-387.064061 342.587761
-133.288825 915.036013
-883.518621 -312.995728
533.799601 794.297239
-697.290803 245.619362
665.246963 -371.949296
297.843105 590.912799
276.684388 -718.013103
537.044492 -163.704879
-912.091806 -274.327835
-692.347801 922.404300
233.701074 449.674909
267.556095 874.725917
332.943399 -108.856764
-820.178011 -974.992653
-764.244505 905.195709
881.993114 -859.724193
363.297229 -122.605214
164.502257 763.508478
-643.245706 -321.430160
-122.254791 174.036491
240.660946 -209.020949
375.134570 115.667803
658.225220 -164.673045
-115.068115 152.143541
739.506075 -653.318128
814.835047 -704.293402
485.065252 988.301226
-214.868597 -183.941252
456.700853 -348.043144
-409.712855 -87.409922
467.036002 521.969238
-519.181160 995.017221
-777.519910 -506.006494
872.418244 -919.687749
-520.875012 -397.420153
-969.436320 789.317950
-437.416616 -545.224465
895.605654 372.601839
-787.487961 593.966001
265.765767 59.218816
467.908717 -754.902676
-218.800625 -694.519898
-503.587843 503.609682
423.219451 -401.137719
683.785553 -35.406532
-154.625310 -881.766453
-146.737902 -838.509012
-736.065739 -454.211183
-649.869260 588.200318
-535.816710 203.582264
8.758374 614.912400
298.168567 -534.834741
505.169045 -262.231520
826.239524 111.929423
-591.713626 457.939837
664.541920 -321.298191
937.402370 936.447133
-69.569341 715.161332
-700.820639 922.676551
731.800911 -566.642030
236.312714 496.347683
-378.370094 -696.539837
395.341448 848.737002
-431.953989 496.236490
354.950030 94.182662
802.588927 901.113183
124.618046 -36.536564
403.821143 -721.721498
-632.889217 271.382674
297.932868 -541.798457
-151.029835 -231.283853
-596.704684 887.374732
-233.560719 -281.125266
-499.427614 -486.337556
535.891525 -57.717258
557.662644 -319.244832
-485.897544 754.146654
488.689013 -954.387229
-463.876472 64.989872
-509.145878 321.250824
-414.794364 209.044844
620.098018 280.327580
-522.409150 288.766179
203.297038 419.256717
-650.730654 -704.829032
-344.264472 457.080146
567.871550 990.857295
-477.861439 514.470674
520.842780 -860.898243
-42.107766 435.206396
-82.300126 -552.672158
-979.321999 749.801531
-777.516855 -786.728673
497.356332 -576.333892
-240.603990 46.606778
-158.503289 399.910679
-92.242143 -245.143784
98.236045 47.388336
-643.645978 -104.588180
399.393208 396.567814
-512.722970 -241.237838
-390.034461 -120.493632
84.265299 -498.198855
639.474530 670.097842
626.464931 -474.046026
982.538858 884.312855
-375.964198 -490.520027
189.246655 275.569322
-46.391707 -136.899707
283.634045 -73.902637
462.623381 296.782986
309.701362 -233.937544
864.896045 -303.248238
-736.331028 -658.991236
197.077491 743.668061
-510.015533 -396.064004
-210.636030 -47.166660
321.187487 -349.781066
262.932939 -70.167984
972.262411 676.957154
916.085199 -512.516051
73.670044 540.813522
87.719394 870.075390
434.046064 300.254463
-882.960975 644.456475
-777.158120 766.332588
-166.525641 -387.179618
-969.694726 5.733694
-101.739558 -869.908389
-523.962342 474.279254
-578.451073 -852.993841
-594.903377 -892.821626
491.117760 -66.049405
338.211465 743.654030
179.670091 -63.442785
-885.262893 -510.645619
-765.589893 -258.163407
-830.620303 -406.923113
-344.070512 -622.459524
-370.829687 232.259450
187.306267 534.743267
774.571236 -321.804222
170.824783 -606.939428
896.106386 639.846863
320.422001 689.504777
-744.255377 530.669707
134.551623 984.455397
236.759673 585.891313
383.897855 -277.946977
-990.131726 98.694520
215.236560 -474.232735
953.560002 731.211961
-966.915064 -227.457666
-373.163532 -466.319493
-839.301507 -28.314867
-555.844971 -944.496791
370.438103 896.929937
-68.261400 -315.720079
-606.175819 -719.113331
-341.875380 526.037194
-790.274287 -449.584788
722.585392 674.809591
-432.455919 -587.597596
193.959846 -701.070342
285.769649 -386.343494
895.419683 470.062974
247.299003 663.144000
-193.483359 175.976574
273.505308 480.565694
492.710653 238.214990
-477.724516 268.797811
121.822729 136.276713
-735.968085 495.985203
794.383501 97.872848
181.596510 -14.582889
142.830789 -248.621709
525.434867 239.363859
-811.727511 381.942242
592.221497 -113.215724
-617.533862 625.169531
-329.432245 -214.224057
663.517522 832.917500
296.229886 284.325327
750.313017 -356.165202
-396.120090 -316.394469
-0.897117 10.621212
-470.012864 -432.169295
955.726872 246.066901
24.438536 372.590139
948.609416 -110.500941
-628.881701 -475.974963
-516.478834 268.133651
-565.711923 -512.000086
-321.234967 75.182166
-634.995520 218.018256
-836.640212 -455.473605
377.636064 -772.359767
550.281265 -689.029724
975.160506 90.510040
309.060806 714.662121
459.120274 -391.686699
-758.291596 -910.570244
79.889246 398.571331
725.085332 493.369744
-810.332844 -486.557219
-433.264983 772.854064
-891.649718 443.862979
972.436772 16.260487
-834.376532 450.022549
-14.526382 -851.576663
567.889961 -48.994659
-568.875539 712.409916
244.279899 -281.303458
-782.390599 391.893622
-657.813627 425.473836
807.669074 -352.235989
-121.323894 -80.769780
457.970026 -126.850425
-168.090755 372.266631
-553.008769 -65.064051
-954.970059 970.886705
-378.310086 171.622209
292.911123 652.506439
-574.520591 -414.991062
465.398826 -266.511314
-896.268427 981.344507
185.463396 -179.111410
-59.834158 -541.584917
-540.252985 707.540331
-357.805762 79.910488
950.119549 873.611515
-796.619181 -370.395188
235.617301 -259.564331
-654.359648 -936.960215
-851.515610 920.862056
152.388104 -239.187587
-838.722264 -949.278942
131.640090 394.270813
17.379643 -473.813115
859.158424 274.910166
-364.864380 427.063173
-895.820209 -155.564037
28.442351 245.635816
-937.418332 212.732249
-746.930101 -596.954911
751.726878 602.251562
-670.454174 -800.504834
-834.003347 436.759119
306.158128 36.961394
355.998557 -957.180222
832.618513 951.806086
62.115583 729.021236
249.859805 914.206497
620.326749 695.580553
-358.172682 928.128674
-38.037880 364.699578
268.038652 806.556336
-756.008573 -492.500168
947.568803 953.395296
438.732583 649.201729
-257.705879 -524.149799
-407.310198 -554.824994
-439.279523 781.016126
-19.349253 217.708018
-553.563648 -181.767600
-16.698206 2.107311
216.226381 -108.737065
776.368406 -263.909427
88.078143 152.025184
96.293188 -769.318838
342.983985 -891.567668
-745.661128 -206.861917
651.435319 958.939405
-164.833500 -958.198837
-773.399429 441.777541
942.229554 -686.660534
-688.815305 -46.436512
112.398985 38.194322
917.595534 -185.901013
-788.792942 -73.740674
39.743110 -933.512266
124.358057 -683.202192
402.118949 613.094088
-810.022107 680.866862
-823.643689 -668.675219
151.668542 405.795426
-923.301750 132.155150
245.478989 359.770611
-84.115629 689.906107
-370.277193 453.985120
-186.947421 -749.450643
606.294816 79.509068
-194.057120 -417.551812
-379.043519 918.882925
-39.236965 335.523587
-152.035005 622.629796
965.631892 9.659507
-886.040977 176.162866
-467.791900 804.802731
-627.892227 -11.185709
624.079048 944.940439
123.538115 959.729529
-417.407881 997.478288
-917.621817 -904.769676
61.857363 889.983376
252.797530 -177.129950
-233.971390 925.099712
975.113253 -658.677328
519.544147 91.906269
-420.688800 -15.694345
-530.017490 -689.153257
916.551528 544.518278
329.251191 231.977272
56.845256 233.492297
286.900015 888.577383
-822.863883 275.440540
-115.226917 -626.975864
824.536039 -527.656356
-470.644199 927.323594
939.615936 388.951778
278.387950 -693.718001
955.978731 554.236551
-787.909469 818.344318
51.901964 -664.624199
-90.004188 -372.596503
516.950051 -213.066868
934.320691 510.482138
-829.086264 -231.156376
115.902292 -510.960658
732.793954 -728.396444
548.133574 -272.323146
327.266603 -278.519480
705.888055 440.702617
-681.947703 106.332016
-943.205946 853.827393
-710.983203 347.849626
538.775351 640.872111
-139.850258 -957.354798
690.220608 600.399358
-841.303503 -791.466413
209.681283 -318.055254
289.142313 -654.232048
-462.747383 630.923017
28.904205 -790.077402
701.524151 -12.185003
764.341669 -734.271272
-724.690169 4.375834
-326.174731 -1.168656
647.921400 716.041200
401.898295 818.130465
774.021398 424.933940
-322.583276 -364.827049
471.722913 576.406655
-316.152638 792.942575
650.727321 442.456105
-799.848747 434.027559
392.543285 -594.393892
894.853606 -898.163573
-659.804233 622.069246
-821.907296 -323.224366
-564.735204 444.268294
920.375818 -451.289043
645.200450 574.320425
63.188827 -488.103954
-357.058086 -660.610861
-559.698475 38.688815
-562.540780 -299.367094
-860.610323 677.496827
-834.240665 -719.624123
467.922894 869.366610
-693.256644 -120.033851
237.133779 393.073890
197.029593 -317.567297
-313.047665 802.182953
-271.609260 586.748230
-718.175949 728.580377
-990.366216 101.219999
712.292061 -984.564580
-839.073416 711.026868
-320.746014 -346.214841
452.986613 -476.673689
27.283014 600.202615
165.400280 -237.703269
2.321889 -217.583384
331.220298 -755.255165
494.860152 -728.405566
870.130656 -531.787399
-701.321306 100.593953
-608.224567 857.870036
-138.901372 -8.566300
-406.982892 378.353082
-437.077242 285.751666
742.744059 664.602660
543.690965 -419.339902
-614.909140 -292.940570
291.219796 76.974840
-926.523969 -696.894901
-136.461993 -128.760343
-300.899939 848.544816
-88.976134 -346.646316
609.374749 -715.684721
12.088069 -12.093134
945.306234 -960.093051
495.731911 101.438225
964.872685 508.341905
248.661538 441.648620
270.340077 -387.288318
-129.309598 689.679066
-72.379746 790.902333
-740.087485 432.154763
-494.711434 -476.998629
-230.651840 -45.265680
440.874444 -752.708639
-513.301902 -380.570120
-497.912278 624.000883
327.730914 -867.831861
-93.203573 -24.834238
630.490169 650.663312
-582.682519 531.926761
283.905382 -293.638128
-457.114123 38.927463
-719.859297 -311.054851
560.004751 795.027927
884.439929 218.428120
509.246579 48.032090
292.460723 -228.602317
222.511651 -859.827200
451.236812 381.225995
-206.657366 436.384140
-259.193336 396.450213
-966.286695 356.391836
-93.501324 458.986112
-458.829543 698.555247
514.143699 -402.440632
340.595469 -375.761795
-20.976191 213.881836
-769.042295 -156.317303
-964.803846 886.958816
29.307948 23.551330
248.137127 -122.973961
60.213496 891.488090
975.879507 -501.653148
-473.461966 621.891438
74.737673 214.320740
353.159877 47.878894
-364.809435 791.064143
343.288472 988.043264
89.127001 631.148654
815.553092 -266.417425
696.484316 312.813113
-757.364147 656.431796
514.578521 -807.071623
545.200997 -216.501970
726.319228 -286.238903
-745.527687 950.453595
277.321751 356.550531
630.019386 924.056615
-168.447339 -231.649301
-155.819873 -847.875961
-920.954774 597.252051
-401.808086 917.480686
764.880248 -436.665572
-546.856947 -126.232643
915.180544 -733.563482
-271.057482 -634.595457
-287.224697 -522.233123
-846.273352 688.506698
974.917492 -451.299234
-696.098629 -681.188472
-396.521565 -517.788876
-177.697636 -283.380482
-516.586334 427.543600
196.194243 681.974865
-970.455173 -232.571917
-608.566133 931.111437
-725.578531 -293.279078
-417.900708 -302.460508
-531.852672 780.388593
174.235375 422.570246
604.820727 -42.369309
-200.706315 -141.926319
-176.599500 27.850326
660.027409 934.344816
-600.717898 189.615903
-547.790544 1.943475
944.744304 167.980495
-565.949830 876.226813
950.636335 725.571053
-972.438429 -264.646505
622.905152 161.000722
-17.419933 -134.057718
-490.343107 -861.476332
-488.262444 658.011543
-94.973601 93.944535
-989.207509 -469.659316
-967.511442 652.747590
-883.751526 158.142034
956.613342 943.591366
306.076064 279.084681
-545.972668 -980.623951
-684.982824 -548.902136
-799.845656 -981.564481
248.451139 -633.677603
-618.858226 -30.521945
-508.442845 910.873805
189.566791 -369.573084
40.668884 931.375337
527.587173 746.490712
239.403621 -390.910679
149.159735 -927.004851
-708.516181 672.046297
213.979434 699.661106
-433.733997 293.893822
-804.693103 -652.382258
815.546133 694.035780
422.703194 202.881343
937.759497 657.433706
-604.775336 -598.637544
-403.547777 482.501902
-409.677219 -408.790603
-745.795387 40.872590
-123.215274 -560.167385
-328.054468 -87.028061
856.905990 -556.901122
-461.953851 -39.806331
-827.435569 -939.450676
994.048332 -926.204013
504.469076 61.099103
-871.233510 -271.147521
187.174295 960.931705
-315.540091 -483.076342
528.954626 -542.983493
-792.073401 -248.189204
-667.819167 459.655197
247.287120 38.202541
-947.290739 320.471298
-512.910938 -567.492916
-672.625272 -353.344762
-694.567745 297.618619
878.321877 254.628313
-101.818228 -782.765534
-591.603839 -192.635176
-850.213607 -318.051750
-30.245065 -487.767444
-804.171581 -174.587395
120.275073 352.456409
858.283684 698.844672
-570.500847 300.264011
-823.506956 -978.101760
-240.133948 201.969876
243.076800 -411.624093
360.719953 305.819278
963.301318 -769.129494
-233.659633 -348.082483
-255.674625 -286.632577
-145.181781 175.370485
-731.568863 306.494924
634.625483 574.634842
561.718018 -416.269809
-605.841328 -586.232065
-376.173573 -449.822875
884.146871 -316.332544
853.027571 414.031438
964.879337 -976.898242
-114.509715 -364.632066
564.445294 -705.822720
412.619066 879.787890
-36.679742 -199.871115
313.337090 -764.612220
-944.544144 189.501216
-38.996672 60.187316
916.622221 -24.245038
