180
359.385038 168.672933
-19.955613 430.539349
-733.327594 -671.822695
-11.142943 775.595872
-514.405010 35.618646
-219.448425 -737.868123
-257.789529 176.250146
-460.715588 16.983829
566.992882 375.657587
704.264214 -321.626434
-601.950874 -120.933018
-964.342846 -585.548835
-321.736485 788.911343
446.114699 -189.265221
62.800582 -617.114255
775.088121 -692.295747
913.309251 285.315024
396.501738 402.586884
-468.305254 -158.197798
-179.313943 -619.494468
163.180239 -384.302556
-393.671014 -526.258445
316.824933 -811.646988
421.697047 -626.510708
311.526789 -788.786164
170.566857 -303.612961
-714.856450 -332.049466
-449.665080 -632.695021
441.842007 915.082815
701.164555 621.937413
106.273626 238.396938
3.393062 393.241423
-573.679980 205.409721
972.564150 -104.026071
-832.523538 -151.202436
815.168347 404.674024
690.607357 -741.614757
-373.130472 -662.025619
795.633603 -301.967564
-931.858518 -975.422995
532.245751 55.376781
930.202848 114.591944
345.810058 -447.555371
946.778449 562.081622
766.685465 264.632450
-577.807980 -546.198283
290.720842 273.525259
487.130252 433.523051
-457.160750 -633.456510
802.670567 -537.949771
770.291583 -903.685714
-457.784841 571.745460
689.194802 -587.795440
-792.709380 -171.531101
513.851485 115.881641
82.710909 472.394954
-410.523942 500.279505
-789.161357 548.539269
875.821634 451.551545
-360.511057 105.585908
21.525423 -650.614153
-804.317572 -693.604722
471.176092 681.754987
-40.655190 847.307237
-276.537364 -270.574624
-633.136319 -897.491251
253.783232 40.469205
-792.331892 -417.846136
-444.182997 -496.350161
-698.813504 169.224329
854.231605 -37.789425
666.081405 -9.464556
675.870147 669.004302
-192.734876 -681.923369
-699.713640 -92.918303
-459.573928 -343.985790
-131.613171 -375.127179
109.617657 -100.457164
976.106489 -805.044954
-854.573625 -940.684738
-865.189663 634.912204
649.449191 230.584496
-522.029277 550.975870
622.302798 -126.594857
84.468994 -194.028228
-627.364931 -421.856175
62.865837 -741.715826
597.003776 77.403859
-321.930385 -826.662723
-437.759829 -312.587732
657.466899 -403.471706
51.471437 -193.777640
-613.760013 774.093821
-333.796981 -504.100328
-319.516552 -873.005259
-756.903064 -168.252428
748.982058 642.231083
657.801266 652.471259
-459.340212 -659.097218
309.107550 -191.071849
-464.226436 980.483907
-402.037739 -813.364635
-867.558367 150.531485
-96.777798 -933.265827
914.992415 -790.911060
-846.149263 564.304488
-624.638819 -421.848185
238.182171 -57.003506
495.765615 -458.824660
-773.689693 -881.259606
-391.464789 -539.418125
478.785067 784.945115
-898.335852 -519.651079
144.227982 921.864171
-918.772273 484.870958
-943.724729 641.866510
-660.779424 -19.490539
860.530420 -785.260181
662.802527 47.717143
-680.053735 -479.321398
870.366024 214.402900
-260.918376 493.895909
-15.914878 -700.104655
-40.418606 -29.430918
117.556225 61.338059
480.122072 35.143885
871.735904 979.223597
-13.864727 311.415120
-294.140219 875.906239
303.172305 -917.787660
335.512706 -196.089391
808.959633 44.247271
543.101710 601.604588
-558.934828 265.226285
-223.870011 -166.733343
-10.573675 413.531907
83.805862 -505.023407
-127.180202 441.938440
-230.401891 111.596880
40.595629 -755.183268
52.621669 -432.906566
-698.873761 -316.859288
-494.305439 -479.601313
-10.565220 940.983630
238.905038 -508.956923
-283.164595 -986.295872
910.060360 582.618514
343.625457 -449.125818
9.684373 69.045592
964.994124 -251.520327
890.421844 -4.685868
-422.903873 -833.061894
-721.925060 -551.310899
-45.428374 190.290433
251.654551 348.652735
-512.968525 383.254933
726.254397 385.545604
58.483224 -35.108616
87.523166 -111.614634
514.241310 -177.176468
-950.925368 538.873560
780.414219 -273.329318
232.898276 952.981344
-62.939637 -418.640932
-138.187486 896.666707
-479.229516 482.843497
-198.954893 -465.763547
-553.960127 -780.371006
-401.476563 44.495149
752.072235 -666.047664
870.944650 904.880973
174.913415 -503.049918
791.015136 -613.828626
289.934115 -559.640600
72.758712 558.772949
749.105406 -786.219165
50.315177 685.307222
997.770751 427.194129
476.436084 302.688204
-707.327751 882.760069
